# 2 277
 0.00000000E+000 -1.00000000E-001
 4.62666121E-003 -9.98686120E-002
 9.35601333E-003 -9.94712403E-002
 1.41373650E-002 -9.88118979E-002
 1.89713351E-002 -9.78945892E-002
 2.38578926E-002 -9.67234637E-002
 2.87971273E-002 -9.53027284E-002
 3.37892356E-002 -9.36366123E-002
 3.88345181E-002 -9.17293330E-002
 4.39896407E-002 -8.95602336E-002
 4.93112207E-002 -8.70995349E-002
 5.47889086E-002 -8.43439787E-002
 6.04164247E-002 -8.12905733E-002
 6.61886251E-002 -7.79374582E-002
 7.21014014E-002 -7.42836668E-002
 7.81515357E-002 -7.03289513E-002
 8.43365935E-002 -6.60736245E-002
 9.06548429E-002 -6.15184163E-002
 9.71051922E-002 -5.66643447E-002
 1.03687141E-001 -5.15125995E-002
 1.10400743E-001 -4.60644383E-002
 1.17246573E-001 -4.03210935E-002
 1.24225703E-001 -3.42836909E-002
 1.31339678E-001 -2.79531795E-002
 1.38590495E-001 -2.13302728E-002
 1.45980576E-001 -1.44154032E-002
 1.53512744E-001 -7.20869067E-003
 1.61190187E-001  2.90072182E-004
 1.69016413E-001  8.08141511E-003
 1.76995195E-001  1.61661617E-002
 1.85130491E-001  2.45453721E-002
 1.93426348E-001  3.32202514E-002
 2.01886769E-001  4.21920170E-002
 2.10515558E-001  5.14617186E-002
 2.19316112E-001  6.10300048E-002
 2.28291187E-001  7.08968358E-002
 2.37442620E-001  8.10611439E-002
 2.46771033E-001  9.15204569E-002
 2.56275534E-001  1.02270514E-001
 2.65953466E-001  1.13304917E-001
 2.67115298E-001  1.14635188E-001
 2.68155747E-001  1.15827457E-001
 2.69810823E-001  1.17723640E-001
 2.71207018E-001  1.19312365E-001
 2.72636333E-001  1.20916384E-001
 2.74092168E-001  1.22515965E-001
 2.79948929E-001  1.28475259E-001
 2.85009015E-001  1.33006807E-001
 2.90033393E-001  1.36970585E-001
 2.95007288E-001  1.40395372E-001
 2.99915198E-001  1.43312368E-001
 3.04740172E-001  1.45754536E-001
 3.09463261E-001  1.47756357E-001
 3.14062571E-001  1.49353647E-001
 3.18511633E-001  1.50583487E-001
 3.22996778E-001  1.51523732E-001
 3.27536257E-001  1.52182930E-001
 3.32129147E-001  1.52564119E-001
 3.36774922E-001  1.52670747E-001
 3.41473161E-001  1.52506537E-001
 3.46223562E-001  1.52075436E-001
 3.51025935E-001  1.51381560E-001
 3.55880205E-001  1.50429143E-001
 3.60786408E-001  1.49222500E-001
 3.65744689E-001  1.47765976E-001
 3.70755300E-001  1.46063923E-001
 3.75927675E-001  1.44076410E-001
 3.81260986E-001  1.41794438E-001
 3.86747332E-001  1.39213569E-001
 3.92380547E-001  1.36330681E-001
 3.98155623E-001  1.33143847E-001
 4.04068534E-001  1.29652116E-001
 4.10116113E-001  1.25855327E-001
 4.16295947E-001  1.21753936E-001
 4.22606303E-001  1.17348865E-001
 4.29046068E-001  1.12641363E-001
 4.35614705E-001  1.07632884E-001
 4.42312220E-001  1.02324978E-001
 4.49139127E-001  9.67191894E-002
 4.56096428E-001  9.08169727E-002
 4.63185594E-001  8.46196170E-002
 4.70408542E-001  7.81281819E-002
 4.77767616E-001  7.13434462E-002
 4.85265562E-001  6.42658707E-002
 4.92905500E-001  5.68955757E-002
 5.00690886E-001  4.92323378E-002
 5.08625460E-001  4.12756074E-002
 5.16713181E-001  3.30245537E-002
 5.24958139E-001  2.44781409E-002
 5.33364440E-001  1.56352428E-002
 5.41936058E-001  6.49480288E-003
 5.50676656E-001 -2.94395575E-003
 5.59589357E-001 -1.26812640E-002
 5.68676486E-001 -2.27164871E-002
 5.77939281E-001 -3.30477582E-002
 5.87377582E-001 -4.36715898E-002
 5.89648727E-001 -4.62416278E-002
 5.90695850E-001 -4.74282630E-002
 5.92861770E-001 -4.98792429E-002
 5.94841572E-001 -5.20910280E-002
 5.96984394E-001 -5.44243763E-002
 5.98323292E-001 -5.58386181E-002
 6.03603428E-001 -6.10215129E-002
 6.08601937E-001 -6.53617058E-002
 6.13547029E-001 -6.91414008E-002
 6.18420626E-001 -7.23911252E-002
 6.23203114E-001 -7.51439457E-002
 6.27871904E-001 -7.74346610E-002
 6.32399935E-001 -7.92995705E-002
 6.36754090E-001 -8.07766532E-002
 6.41165369E-001 -8.19710787E-002
 6.45629578E-001 -8.28840742E-002
 6.50146012E-001 -8.35185682E-002
 6.54714026E-001 -8.38778547E-002
 6.59333087E-001 -8.39655462E-002
 6.64002777E-001 -8.37855131E-002
 6.68722800E-001 -8.33418268E-002
 6.73492978E-001 -8.26387066E-002
 6.78313250E-001 -8.16804714E-002
 6.83340340E-001 -8.04287212E-002
 6.88553526E-001 -7.88720389E-002
 6.93942918E-001 -7.70002705E-002
 6.99500377E-001 -7.48056139E-002
 7.05219463E-001 -7.22821453E-002
 7.11095121E-001 -6.94254911E-002
 7.17123479E-001 -6.62325368E-002
 7.23301693E-001 -6.27011714E-002
 7.29627842E-001 -5.88300594E-002
 7.36100834E-001 -5.46184373E-002
 7.42720354E-001 -5.00659318E-002
 7.49486811E-001 -4.51723976E-002
 7.56401296E-001 -3.99377737E-002
 7.63465557E-001 -3.43619577E-002
 7.70681966E-001 -2.84446988E-002
 7.78053487E-001 -2.21855100E-002
 7.79797711E-001 -2.06744366E-002
 7.80832463E-001 -1.97727483E-002
 7.82569850E-001 -1.82501204E-002
 7.84371920E-001 -1.66595080E-002
 7.85385455E-001 -1.57599258E-002
 7.86968842E-001 -1.43492881E-002
 7.88251904E-001 -1.32071314E-002
 7.89542355E-001 -1.20647119E-002
 7.90839793E-001 -1.09270495E-002
 7.92144007E-001 -9.79859268E-003
 7.93454851E-001 -8.68334619E-003
 7.94772206E-001 -7.58491703E-003
 7.96095955E-001 -6.50655441E-003
 7.97425950E-001 -5.45118239E-003
 7.98762003E-001 -4.42142590E-003
 8.00103868E-001 -3.41963092E-003
 8.01451228E-001 -2.44787964E-003
 8.07342357E-001  1.38679325E-003
 8.12349850E-001  4.13369444E-003
 8.17261623E-001  6.39476896E-003
 8.22050893E-001  8.20667712E-003
 8.26686273E-001  9.60885239E-003
 8.31126390E-001  1.06428534E-002
 8.35570499E-001  1.13886882E-002
 8.37090775E-001  1.15797751E-002
 8.38730356E-001  1.17502058E-002
 8.40653101E-001  1.19042886E-002
 8.42283337E-001  1.19991528E-002
 8.43957108E-001  1.20655424E-002
 8.45678133E-001  1.21040592E-002
 8.47453888E-001  1.21152815E-002
 8.49294149E-001  1.20995521E-002
 8.51212444E-001  1.20568620E-002
 8.53228687E-001  1.19866200E-002
 8.55375060E-001  1.18871440E-002
 8.57712139E-001  1.17542811E-002
 8.60394325E-001  1.15758798E-002
 8.63248042E-001  1.13620605E-002
 8.66026633E-001  1.11359235E-002
 8.68457559E-001  1.09275123E-002
 8.70740754E-001  1.07254709E-002
 8.72953152E-001  1.05258559E-002
 8.75124524E-001  1.03278438E-002
 8.77271209E-001  1.01313336E-002
 8.79403996E-001  9.93643621E-003
 8.81530751E-001  9.74333205E-003
 8.83657615E-001  9.55221661E-003
 8.85789640E-001  9.36327714E-003
 8.87931160E-001  9.17668209E-003
 8.90086034E-001  8.99257647E-003
 8.92257798E-001  8.81108005E-003
 8.94449787E-001  8.63228705E-003
 8.96665220E-001  8.45626650E-003
 8.98907264E-001  8.28306294E-003
 9.01179100E-001  8.11269725E-003
 9.03483972E-001  7.94516743E-003
 9.05825235E-001  7.78044934E-003
 9.08206414E-001  7.61849730E-003
 9.10631247E-001  7.45924451E-003
 9.13103756E-001  7.30260319E-003
 9.15628305E-001  7.14846455E-003
 9.18209689E-001  6.99669829E-003
 9.20853231E-001  6.84715175E-003
 9.23564901E-001  6.69964836E-003
 9.26351482E-001  6.55398539E-003
 9.29220766E-001  6.40993041E-003
 9.32181842E-001  6.26721625E-003
 9.35245470E-001  6.12553334E-003
 9.38424633E-001  5.98451820E-003
 9.41735343E-001  5.84373566E-003
 9.45197901E-001  5.70265006E-003
 9.48838961E-001  5.56057635E-003
 9.52695212E-001  5.41659086E-003
 9.56820593E-001  5.26935104E-003
 9.61302772E-001  5.11667431E-003
 9.66310818E-001  4.95428993E-003
 9.72317094E-001  4.76988819E-003
 9.78357104E-001  4.59473839E-003
 9.84302256E-001  4.43146979E-003
 9.89822566E-001  4.28729958E-003
 9.95227921E-001  4.15255190E-003
 1.00064184E+000  4.02353819E-003
 1.00612727E+000  3.89852069E-003
 1.01172985E+000  3.77641510E-003
 1.01748936E+000  3.65644526E-003
 1.02344466E+000  3.53800095E-003
 1.02963695E+000  3.42056348E-003
 1.03611239E+000  3.30365926E-003
 1.04292500E+000  3.18682556E-003
 1.05014024E+000  3.06958029E-003
 1.05783989E+000  2.95139084E-003
 1.06612911E+000  2.83163857E-003
 1.07514656E+000  2.70957807E-003
 1.08507858E+000  2.58430237E-003
 1.09617401E+000  2.45477628E-003
 1.10873412E+000  2.32020459E-003
 1.12296363E+000  2.18161016E-003
 1.13850022E+000  2.04517187E-003
 1.15433556E+000  1.92013649E-003
 1.16992160E+000  1.80915961E-003
 1.18536208E+000  1.70957495E-003
 1.20088178E+000  1.61859581E-003
 1.21665019E+000  1.53438407E-003
 1.23278430E+000  1.45575929E-003
 1.24936602E+000  1.38192962E-003
 1.26645420E+000  1.31233254E-003
 1.28409338E+000  1.24653950E-003
 1.30232064E+000  1.18419775E-003
 1.32117111E+000  1.12499656E-003
 1.34068192E+000  1.06864992E-003
 1.36089466E+000  1.01488966E-003
 1.38185672E+000  9.63464219E-004
 1.40362199E+000  9.14139536E-004
 1.42625140E+000  8.66700158E-004
 1.44981349E+000  8.20949871E-004
 1.47438541E+000  7.76711700E-004
 1.50005407E+000  7.33827483E-004
 1.52691790E+000  6.92157218E-004
 1.55508882E+000  6.51578365E-004
 1.58469483E+000  6.11985162E-004
 1.61588320E+000  5.73288013E-004
 1.64882439E+000  5.35412947E-004
 1.68371711E+000  4.98301172E-004
 1.72079480E+000  4.61908735E-004
 1.76033392E+000  4.26206323E-004
 1.80266504E+000  3.91179236E-004
 1.84818752E+000  3.56827600E-004
 1.89738947E+000  3.23166870E-004
 1.95087549E+000  2.90228730E-004
 2.00940584E+000  2.58062519E-004
 2.07395344E+000  2.26737315E-004
 2.14578935E+000  1.96344924E-004
 2.22661583E+000  1.67003983E-004
 2.31878300E+000  1.38865632E-004
 2.42565438E+000  1.12122930E-004
 2.55216321E+000  8.70429905E-005
 2.64567789E+000  7.21862884E-005
 2.71404616E+000  6.29553459E-005
 2.78523839E+000  5.45954529E-005
 2.85751571E+000  4.72430014E-005
 2.92935929E+000  4.09162296E-005
 3.00000000E+000  3.55221509E-005
