# 2 159
 0.00000000E+000  1.74532925E-001
 3.36846207E-003  1.74323586E-001
 6.83209723E-003  1.73695035E-001
 1.03426337E-002  1.72665160E-001
 1.39010685E-002  1.71251785E-001
 1.75075119E-002  1.69473124E-001
 2.11620715E-002  1.67347617E-001
 2.48648521E-002  1.64893877E-001
 2.86159729E-002  1.62130625E-001
 3.24155833E-002  1.59076619E-001
 3.62638790E-002  1.55750580E-001
 4.01611173E-002  1.52171115E-001
 4.41076320E-002  1.48356647E-001
 4.81038458E-002  1.44325344E-001
 5.21502832E-002  1.40095058E-001
 5.62702559E-002  1.35658534E-001
 6.04692136E-002  1.31025972E-001
 6.47443465E-002  1.26216904E-001
 6.90933758E-002  1.21250856E-001
 7.35143139E-002  1.16147371E-001
 7.80054492E-002  1.10925821E-001
 8.25653280E-002  1.05605261E-001
 8.71927370E-002  1.00204304E-001
 9.18866870E-002  9.47410171E-002
 9.66463959E-002  8.92328492E-002
 1.01471273E-001  8.36965674E-002
 1.06360903E-001  7.81482172E-002
 1.11315029E-001  7.26030944E-002
 1.16333538E-001  6.70757290E-002
 1.21416445E-001  6.15798797E-002
 1.26563878E-001  5.61285352E-002
 1.31776061E-001  5.07339225E-002
 1.37053303E-001  4.54075192E-002
 1.42395980E-001  4.01600697E-002
 1.47808858E-001  3.49975303E-002
 1.53319208E-001  2.99052604E-002
 1.58930697E-001  2.48920460E-002
 1.64647821E-001  1.99658798E-002
 1.70475318E-001  1.51345588E-002
 1.76418203E-001  1.04056872E-002
 1.82481780E-001  5.78669246E-003
 1.88671670E-001  1.28483909E-003
 1.94993829E-001 -3.09275894E-003
 2.01454579E-001 -7.33912762E-003
 2.08060635E-001 -1.14474239E-002
 2.14819143E-001 -1.54109288E-002
 2.21737721E-001 -1.92230417E-002
 2.28824499E-001 -2.28772769E-002
 2.36088182E-001 -2.63672622E-002
 2.43538106E-001 -2.96867381E-002
 2.51184319E-001 -3.28295592E-002
 2.59037668E-001 -3.57896976E-002
 2.67109905E-001 -3.85612453E-002
 2.75413821E-001 -4.11384190E-002
 2.83963411E-001 -4.35155632E-002
 2.92774066E-001 -4.56871526E-002
 3.01862835E-001 -4.76477904E-002
 3.11248747E-001 -4.93922021E-002
 3.20953228E-001 -5.09152199E-002
 3.31000659E-001 -5.22117535E-002
 3.41419117E-001 -5.32767398E-002
 3.52241403E-001 -5.41050601E-002
 3.63506488E-001 -5.46914067E-002
 3.75261619E-001 -5.50300689E-002
 3.87565516E-001 -5.51145853E-002
 4.00493454E-001 -5.49371634E-002
 4.14145862E-001 -5.44876633E-002
 4.28664113E-001 -5.37516948E-002
 4.44263000E-001 -5.27066565E-002
 4.61309742E-001 -5.13120600E-002
 4.80578921E-001 -4.94783495E-002
 5.00914241E-001 -4.73138240E-002
 5.22348905E-001 -4.48466692E-002
 5.43386981E-001 -4.23007987E-002
 5.63026925E-001 -3.98585249E-002
 5.82101362E-001 -3.74600698E-002
 6.00969949E-001 -3.50885384E-002
 6.19804232E-001 -3.27441620E-002
 6.38709948E-001 -3.04318980E-002
 6.57762248E-001 -2.81582213E-002
 6.77019685E-001 -2.59300082E-002
 6.96531068E-001 -2.37540592E-002
 7.16339278E-001 -2.16368718E-002
 7.36483604E-001 -1.95845228E-002
 7.57001291E-001 -1.76026042E-002
 7.77928667E-001 -1.56961853E-002
 7.99302016E-001 -1.38697898E-002
 8.21158334E-001 -1.21273798E-002
 8.43536039E-001 -1.04723466E-002
 8.66475680E-001 -8.90750428E-003
 8.90020711E-001 -7.43508744E-003
 9.14218372E-001 -6.05675269E-003
 9.39120725E-001 -4.77358448E-003
 9.64785926E-001 -3.58610549E-003
 9.91279818E-001 -2.49429232E-003
 1.01867799E+000 -1.49759666E-003
 1.04706848E+000 -5.94972396E-004
 1.07655548E+000  2.15090894E-004
 1.10726451E+000  9.34527487E-004
 1.13934999E+000  1.56564677E-003
 1.17300672E+000  2.11107374E-003
 1.20848847E+000  2.57367353E-003
 1.24614007E+000  2.95644853E-003
 1.28645843E+000  3.26238138E-003
 1.33022504E+000  3.49415254E-003
 1.37651938E+000  3.64784711E-003
 1.42451476E+000  3.72932076E-003
 1.47448984E+000  3.74979419E-003
 1.52670821E+000  3.71919483E-003
 1.58148756E+000  3.64639761E-003
 1.63772709E+000  3.54228498E-003
 1.69340397E+000  3.42060714E-003
 1.74949073E+000  3.28729653E-003
 1.80660671E+000  3.14640814E-003
 1.86522127E+000  3.00087318E-003
 1.92575682E+000  2.85280980E-003
 1.98863705E+000  2.70371843E-003
 2.05431926E+000  2.55461223E-003
 2.12332374E+000  2.40610843E-003
 2.19626729E+000  2.25849337E-003
 2.27390769E+000  2.11176667E-003
 2.35720887E+000  1.96566535E-003
 2.44744465E+000  1.81966233E-003
 2.54637796E+000  1.67292293E-003
 2.65660442E+000  1.52417293E-003
 2.78231758E+000  1.37133314E-003
 2.93149634E+000  1.21031268E-003
 3.10163597E+000  1.04999797E-003
 3.28621093E+000  9.00185054E-004
 3.48749642E+000  7.61130090E-004
 3.70343393E+000  6.35754713E-004
 3.92728708E+000  5.27536228E-004
 4.15940076E+000  4.34731056E-004
 4.40018204E+000  3.55671093E-004
 4.65026803E+000  2.88739771E-004
 4.91041405E+000  2.32445993E-004
 5.18145390E+000  1.85435705E-004
 5.46433770E+000  1.46479423E-004
 5.76003741E+000  1.14477412E-004
 6.07009489E+000  8.84027493E-005
 6.25979092E+000  7.54720368E-005
 6.45757014E+000  6.40002732E-005
 6.68628921E+000  5.28901012E-005
 6.93382306E+000  4.30286542E-005
 7.16513719E+000  3.54820018E-005
 7.36693871E+000  2.99882354E-005
 7.55768641E+000  2.55793089E-005
 7.76462129E+000  2.15263840E-005
 8.00099368E+000  1.76762738E-005
 8.24478484E+000  1.44255939E-005
 8.46571888E+000  1.19987256E-005
 8.66241220E+000  1.01843552E-005
 8.85704685E+000  8.65884703E-006
 9.07346473E+000  7.22958090E-006
 9.31401100E+000  5.91580740E-006
 9.55107230E+000  4.85521677E-006
 9.76307289E+000  4.06841427E-006
 9.95770292E+000  3.45928051E-006
 1.00000000E+001  3.33939158E-006
