# 2 277
 0.00000000E+000  0.00000000E+000
 4.62666121E-003  5.63499519E-002
 9.35601333E-003  1.11251079E-001
 1.41373650E-002  1.64114675E-001
 1.89713351E-002  2.14991617E-001
 2.38578926E-002  2.63925967E-001
 2.87971273E-002  3.10963693E-001
 3.37892356E-002  3.56152148E-001
 3.88345181E-002  3.99539711E-001
 4.39896407E-002  4.41622938E-001
 4.93112207E-002  4.82804617E-001
 5.47889086E-002  5.22923992E-001
 6.04164247E-002  5.61873746E-001
 6.61886251E-002  5.99572273E-001
 7.21014014E-002  6.35959997E-001
 7.81515357E-002  6.70995784E-001
 8.43365935E-002  7.04653995E-001
 9.06548429E-002  7.36922034E-001
 9.71051922E-002  7.67798258E-001
 1.03687141E-001  7.97290205E-001
 1.10400743E-001  8.25413071E-001
 1.17246573E-001  8.52188389E-001
 1.24225703E-001  8.77642891E-001
 1.31339678E-001  9.01807513E-001
 1.38590495E-001  9.24716535E-001
 1.45980576E-001  9.46406823E-001
 1.53512744E-001  9.66917172E-001
 1.61190187E-001  9.86287728E-001
 1.69016413E-001  1.00455948E+000
 1.76995195E-001  1.02177382E+000
 1.85130491E-001  1.03797214E+000
 1.93426348E-001  1.05319549E+000
 2.01886769E-001  1.06748426E+000
 2.10515558E-001  1.08087794E+000
 2.19316112E-001  1.09341479E+000
 2.28291187E-001  1.10513171E+000
 2.37442620E-001  1.11606396E+000
 2.46771033E-001  1.12624502E+000
 2.56275534E-001  1.13570640E+000
 2.65953466E-001  1.14447750E+000
 2.67115298E-001  1.14547558E+000
 2.68155747E-001  1.14635977E+000
 2.69810823E-001  1.14307084E+000
 2.71207018E-001  1.13142371E+000
 2.72636333E-001  1.11179404E+000
 2.74092168E-001  1.08451517E+000
 2.79948929E-001  9.50949881E-001
 2.85009015E-001  8.41108435E-001
 2.90033393E-001  7.37609949E-001
 2.95007288E-001  6.40330915E-001
 2.99915198E-001  5.49132974E-001
 3.04740172E-001  4.63878803E-001
 3.09463261E-001  3.84441659E-001
 3.14062571E-001  3.10719108E-001
 3.18511633E-001  2.42654012E-001
 3.22996778E-001  1.77120674E-001
 3.27536257E-001  1.13800594E-001
 3.32129147E-001  5.26710276E-002
 3.36774922E-001 -6.29963497E-003
 3.41473161E-001 -6.31469565E-002
 3.46223562E-001 -1.17909961E-001
 3.51025935E-001 -1.70630604E-001
 3.55880205E-001 -2.21353270E-001
 3.60786408E-001 -2.70124311E-001
 3.65744689E-001 -3.16991623E-001
 3.70755300E-001 -3.62004266E-001
 3.75927675E-001 -4.06118657E-001
 3.81260986E-001 -4.49234068E-001
 3.86747332E-001 -4.91208328E-001
 3.92380547E-001 -5.31934260E-001
 3.98155623E-001 -5.71331251E-001
 4.04068534E-001 -6.09340945E-001
 4.10116113E-001 -6.45923667E-001
 4.16295947E-001 -6.81055453E-001
 4.22606303E-001 -7.14725565E-001
 4.29046068E-001 -7.46934381E-001
 4.35614705E-001 -7.77691588E-001
 4.42312220E-001 -8.07014632E-001
 4.49139127E-001 -8.34927374E-001
 4.56096428E-001 -8.61458929E-001
 4.63185594E-001 -8.86642650E-001
 4.70408542E-001 -9.10515251E-001
 4.77767616E-001 -9.33116034E-001
 4.85265562E-001 -9.54486216E-001
 4.92905500E-001 -9.74668347E-001
 5.00690886E-001 -9.93705789E-001
 5.08625460E-001 -1.01164226E+000
 5.16713181E-001 -1.02852146E+000
 5.24958139E-001 -1.04438667E+000
 5.33364440E-001 -1.05928050E+000
 5.41936058E-001 -1.07324457E+000
 5.50676656E-001 -1.08631926E+000
 5.59589357E-001 -1.09854350E+000
 5.68676486E-001 -1.10995458E+000
 5.77939281E-001 -1.12058794E+000
 5.87377582E-001 -1.13047700E+000
 5.89648727E-001 -1.13272359E+000
 5.90695850E-001 -1.13374028E+000
 5.92861770E-001 -1.12655227E+000
 5.94841572E-001 -1.10569960E+000
 5.96984394E-001 -1.07003937E+000
 5.98323292E-001 -1.04180262E+000
 6.03603428E-001 -9.22381569E-001
 6.08601937E-001 -8.15141559E-001
 6.13547029E-001 -7.14385039E-001
 6.18420626E-001 -6.20013330E-001
 6.23203114E-001 -5.31921587E-001
 6.27871904E-001 -4.50025439E-001
 6.32399935E-001 -3.74282163E-001
 6.36754090E-001 -3.04708658E-001
 6.41165369E-001 -2.37333740E-001
 6.45629578E-001 -1.72193734E-001
 6.50146012E-001 -1.09264059E-001
 6.54714026E-001 -4.85159023E-002
 6.59333087E-001  1.00839979E-002
 6.64002777E-001  6.65727760E-002
 6.68722800E-001  1.20990881E-001
 6.73492978E-001  1.73381542E-001
 6.78313250E-001  2.23790265E-001
 6.83340340E-001  2.73784016E-001
 6.88553526E-001  3.22989439E-001
 6.93942918E-001  3.71181432E-001
 6.99500377E-001  4.18180835E-001
 7.05219463E-001  4.63848836E-001
 7.11095121E-001  5.08079764E-001
 7.17123479E-001  5.50795519E-001
 7.23301693E-001  5.91941068E-001
 7.29627842E-001  6.31480728E-001
 7.36100834E-001  6.69395060E-001
 7.42720354E-001  7.05678236E-001
 7.49486811E-001  7.40335778E-001
 7.56401296E-001  7.73382621E-001
 7.63465557E-001  8.04841419E-001
 7.70681966E-001  8.34741065E-001
 7.78053487E-001  8.63115398E-001
 7.79797711E-001  8.69526091E-001
 7.80832463E-001  8.73276252E-001
 7.82569850E-001  8.79485560E-001
 7.84371920E-001  8.85812154E-001
 7.85385455E-001  8.89320236E-001
 7.86968842E-001  8.91355891E-001
 7.88251904E-001  8.88356548E-001
 7.89542355E-001  8.81633114E-001
 7.90839793E-001  8.71552417E-001
 7.92144007E-001  8.58464207E-001
 7.93454851E-001  8.42700054E-001
 7.94772206E-001  8.24573109E-001
 7.96095955E-001  8.04378442E-001
 7.97425950E-001  7.82393685E-001
 7.98762003E-001  7.58879824E-001
 8.00103868E-001  7.34082001E-001
 8.01451228E-001  7.08230276E-001
 8.07342357E-001  5.94638039E-001
 8.12349850E-001  5.03267747E-001
 8.17261623E-001  4.18128832E-001
 8.22050893E-001  3.39175977E-001
 8.26686273E-001  2.66393254E-001
 8.31126390E-001  1.99868886E-001
 8.35570499E-001  1.36268024E-001
 8.37090775E-001  1.15171512E-001
 8.38730356E-001  9.27869294E-002
 8.40653101E-001  6.79089139E-002
 8.42283337E-001  4.87611482E-002
 8.43957108E-001  3.08558579E-002
 8.45678133E-001  1.41902149E-002
 8.47453888E-001 -1.26602993E-003
 8.49294149E-001 -1.55440578E-002
 8.51212444E-001 -2.86780222E-002
 8.53228687E-001 -4.07075823E-002
 8.55375060E-001 -5.16846919E-002
 8.57712139E-001 -6.16951598E-002
 8.60394325E-001 -7.09590911E-002
 8.63248042E-001 -7.85288114E-002
 8.66026633E-001 -8.39454168E-002
 8.68457559E-001 -8.73259395E-002
 8.70740754E-001 -8.95063219E-002
 8.72953152E-001 -9.08238934E-002
 8.75124524E-001 -9.14598239E-002
 8.77271209E-001 -9.15384212E-002
 8.79403996E-001 -9.11539807E-002
 8.81530751E-001 -9.03818952E-002
 8.83657615E-001 -8.92844653E-002
 8.85789640E-001 -8.79143351E-002
 8.87931160E-001 -8.63166939E-002
 8.90086034E-001 -8.45307718E-002
 8.92257798E-001 -8.25909015E-002
 8.94449787E-001 -8.05273008E-002
 8.96665220E-001 -7.83666651E-002
 8.98907264E-001 -7.61326275E-002
 9.01179100E-001 -7.38461239E-002
 9.03483972E-001 -7.15256870E-002
 9.05825235E-001 -6.91876871E-002
 9.08206414E-001 -6.68465326E-002
 9.10631247E-001 -6.45148368E-002
 9.13103756E-001 -6.22035598E-002
 9.15628305E-001 -5.99221284E-002
 9.18209689E-001 -5.76785379E-002
 9.20853231E-001 -5.54794378E-002
 9.23564901E-001 -5.33302027E-002
 9.26351482E-001 -5.12349881E-002
 9.29220766E-001 -4.91967696E-002
 9.32181842E-001 -4.72173635E-002
 9.35245470E-001 -4.52974212E-002
 9.38424633E-001 -4.34363877E-002
 9.41735343E-001 -4.16324040E-002
 9.45197901E-001 -3.98821132E-002
 9.48838961E-001 -3.81802956E-002
 9.52695212E-001 -3.65191554E-002
 9.56820593E-001 -3.48868260E-002
 9.61302772E-001 -3.32637864E-002
 9.66310818E-001 -3.16120607E-002
 9.72317094E-001 -2.98229787E-002
 9.78357104E-001 -2.82002988E-002
 9.84302256E-001 -2.67461550E-002
 9.89822566E-001 -2.55020779E-002
 9.95227921E-001 -2.43678102E-002
 1.00064184E+000 -2.33033142E-002
 1.00612727E+000 -2.22883462E-002
 1.01172985E+000 -2.13098883E-002
 1.01748936E+000 -2.03586483E-002
 1.02344466E+000 -1.94275699E-002
 1.02963695E+000 -1.85110406E-002
 1.03611239E+000 -1.76044027E-002
 1.04292500E+000 -1.67036095E-002
 1.05014024E+000 -1.58049493E-002
 1.05783989E+000 -1.49047960E-002
 1.06612911E+000 -1.39993620E-002
 1.07514656E+000 -1.30844624E-002
 1.08507858E+000 -1.21553911E-002
 1.09617401E+000 -1.12073935E-002
 1.10873412E+000 -1.02386214E-002
 1.12296363E+000 -9.26132359E-003
 1.13850022E+000 -8.32313964E-003
 1.15433556E+000 -7.48771199E-003
 1.16992160E+000 -6.76870711E-003
 1.18536208E+000 -6.14397361E-003
 1.20088178E+000 -5.59221492E-003
 1.21665019E+000 -5.09945357E-003
 1.23278430E+000 -4.65654933E-003
 1.24936602E+000 -4.25714325E-003
 1.26645420E+000 -3.89647212E-003
 1.28409338E+000 -3.57068318E-003
 1.30232064E+000 -3.27644030E-003
 1.32117111E+000 -3.01071272E-003
 1.34068192E+000 -2.77067817E-003
 1.36089466E+000 -2.55369061E-003
 1.38185672E+000 -2.35727707E-003
 1.40362199E+000 -2.17914276E-003
 1.42625140E+000 -2.01717425E-003
 1.44981349E+000 -1.86943843E-003
 1.47438541E+000 -1.73417764E-003
 1.50005407E+000 -1.60980266E-003
 1.52691790E+000 -1.49488470E-003
 1.55508882E+000 -1.38814712E-003
 1.58469483E+000 -1.28845727E-003
 1.61588320E+000 -1.19481845E-003
 1.64882439E+000 -1.10636205E-003
 1.68371711E+000 -1.02233998E-003
 1.72079480E+000 -9.42117348E-004
 1.76033392E+000 -8.65165438E-004
 1.80266504E+000 -7.91055196E-004
 1.84818752E+000 -7.19451213E-004
 1.89738947E+000 -6.50106444E-004
 1.95087549E+000 -5.82857821E-004
 2.00940584E+000 -5.17623056E-004
 2.07395344E+000 -4.54398954E-004
 2.14578935E+000 -3.93261693E-004
 2.22661583E+000 -3.34369600E-004
 2.31878300E+000 -2.77969313E-004
 2.42565438E+000 -2.24409790E-004
 2.55216321E+000 -1.74202225E-004
 2.64567789E+000 -1.44466368E-004
 2.71404616E+000 -1.25991503E-004
 2.78523839E+000 -1.09260507E-004
 2.85751571E+000 -9.45460159E-005
 2.92935929E+000 -8.18843125E-005
 3.00000000E+000 -7.10891978E-005
