# 2 163
 0.00000000E+000 -1.00000000E-001
 5.35909953E-003 -9.98241437E-002
 1.04950630E-002 -9.93370109E-002
 1.57781961E-002 -9.85272662E-002
 2.11947559E-002 -9.73886038E-002
 2.67384280E-002 -9.59164575E-002
 3.24012170E-002 -9.41089634E-002
 3.81739014E-002 -9.19671027E-002
 4.40800598E-002 -8.94797052E-002
 5.02318372E-002 -8.65879339E-002
 5.66009400E-002 -8.32886997E-002
 6.31658890E-002 -7.95818830E-002
 6.99056547E-002 -7.54725165E-002
 7.68002492E-002 -7.09699798E-002
 8.38310394E-002 -6.60872007E-002
 9.09810078E-002 -6.08398131E-002
 9.82349180E-002 -5.52453472E-002
 1.05579383E-001 -4.93225027E-002
 1.06638180E-001 -4.84483014E-002
 1.13678162E-001 -4.25178882E-002
 1.20280341E-001 -3.68021158E-002
 1.26518727E-001 -3.13003907E-002
 1.32501837E-001 -2.59602183E-002
 1.38305863E-001 -2.07436645E-002
 1.43980685E-001 -1.56282256E-002
 1.49561632E-001 -1.05995362E-002
 1.55075280E-001 -5.64788342E-003
 1.60542526E-001 -7.66455663E-004
 1.65980363E-001  4.04961571E-003
 1.71402980E-001  8.80381480E-003
 1.76822460E-001  1.34985804E-002
 1.82249252E-001  1.81355183E-002
 1.87692489E-001  2.27155365E-002
 1.93160199E-001  2.72389314E-002
 1.98659448E-001  3.17054429E-002
 2.04196428E-001  3.61142880E-002
 2.09776509E-001  4.04641818E-002
 2.15404245E-001  4.47533502E-002
 2.21083371E-001  4.89795387E-002
 2.26816764E-001  5.31400216E-002
 2.32606396E-001  5.72316145E-002
 2.38453270E-001  6.12506943E-002
 2.44357353E-001  6.51932288E-002
 2.50317503E-001  6.90548209E-002
 2.56331410E-001  7.28307682E-002
 2.62395545E-001  7.65161403E-002
 2.68531060E-001  8.01208453E-002
 2.74801516E-001  8.36769852E-002
 2.81207775E-001  8.71780883E-002
 2.87751765E-001  9.06184180E-002
 2.94434808E-001  9.39920549E-002
 3.01257754E-001  9.72930483E-002
 3.08221117E-001  1.00515550E-001
 3.15325254E-001  1.03653951E-001
 3.22570579E-001  1.06703003E-001
 3.29957808E-001  1.09657929E-001
 3.37488208E-001  1.12514504E-001
 3.45163866E-001  1.15269105E-001
 3.52987948E-001  1.17918732E-001
 3.60964963E-001  1.20461000E-001
 3.69101031E-001  1.22894102E-001
 3.77404177E-001  1.25216760E-001
 3.85884660E-001  1.27428152E-001
 3.94555377E-001  1.29527844E-001
 4.03432391E-001  1.31515706E-001
 4.12535637E-001  1.33391832E-001
 4.21889934E-001  1.35156459E-001
 4.31526457E-001  1.36809890E-001
 4.41484997E-001  1.38352416E-001
 4.51817576E-001  1.39784240E-001
 4.62594606E-001  1.41105404E-001
 4.73916269E-001  1.42315742E-001
 4.85936023E-001  1.43414903E-001
 4.98918026E-001  1.44402701E-001
 5.13423183E-001  1.45281136E-001
 5.29594607E-001  1.46005398E-001
 5.46880521E-001  1.46511980E-001
 5.62153689E-001  1.46753345E-001
 5.76232416E-001  1.46821801E-001
 5.89846119E-001  1.46760801E-001
 6.03248425E-001  1.46589832E-001
 6.16564326E-001  1.46320945E-001
 6.29873607E-001  1.45962619E-001
 6.43234291E-001  1.45521194E-001
 6.56692310E-001  1.45001573E-001
 6.70286402E-001  1.44407625E-001
 6.84050896E-001  1.43742433E-001
 6.98017468E-001  1.43008454E-001
 7.12216319E-001  1.42207630E-001
 7.26677058E-001  1.41341459E-001
 7.41429386E-001  1.40411054E-001
 7.56503701E-001  1.39417169E-001
 7.71931655E-001  1.38360227E-001
 7.87746721E-001  1.37240322E-001
 8.03984797E-001  1.36057218E-001
 8.20684901E-001  1.34810336E-001
 8.37889988E-001  1.33498719E-001
 8.55647957E-001  1.32120994E-001
 8.74012937E-001  1.30675300E-001
 8.93046956E-001  1.29159194E-001
 9.12822205E-001  1.27569515E-001
 9.33424179E-001  1.25902187E-001
 9.54956198E-001  1.24151920E-001
 9.77546206E-001  1.22311759E-001
 1.00135752E+000  1.20372357E-001
 1.02660694E+000  1.18320717E-001
 1.05359803E+000  1.16137866E-001
 1.08278968E+000  1.13793978E-001
 1.11496487E+000  1.11236229E-001
 1.14988902E+000  1.08495991E-001
 1.18634247E+000  1.05680978E-001
 1.22453930E+000  1.02785496E-001
 1.26461666E+000  9.98109556E-002
 1.30359813E+000  9.69829003E-002
 1.34199219E+000  9.42620374E-002
 1.38052376E+000  9.15969033E-002
 1.41958165E+000  8.89627984E-002
 1.45943140E+000  8.63453008E-002
 1.50028630E+000  8.37348237E-002
 1.54233618E+000  8.11244659E-002
 1.58576213E+000  7.85089746E-002
 1.63074545E+000  7.58841830E-002
 1.67747399E+000  7.32466810E-002
 1.72614738E+000  7.05936120E-002
 1.77698183E+000  6.79225405E-002
 1.83021513E+000  6.52313646E-002
 1.88611218E+000  6.25182546E-002
 1.94497149E+000  5.97816108E-002
 2.00713306E+000  5.70200317E-002
 2.07298817E+000  5.42322918E-002
 2.14299194E+000  5.14173259E-002
 2.21767942E+000  4.85742206E-002
 2.29768679E+000  4.57022154E-002
 2.38377966E+000  4.28007154E-002
 2.47689134E+000  3.98693248E-002
 2.57817566E+000  3.69079090E-002
 2.68908153E+000  3.39167016E-002
 2.81146041E+000  3.08964763E-002
 2.94772645E+000  2.78488151E-002
 3.10110373E+000  2.47765042E-002
 3.27602843E+000  2.16840655E-002
 3.47885655E+000  1.85782626E-002
 3.69217374E+000  1.57905562E-002
 3.91157016E+000  1.33591078E-002
 4.13792155E+000  1.12423046E-002
 4.37178993E+000  9.40686928E-003
 4.61373270E+000  7.82280026E-003
 4.86433297E+000  6.46269616E-003
 5.12422236E+000  5.30139957E-003
 5.39409616E+000  4.31581183E-003
 5.67472636E+000  3.48476977E-003
 5.96697501E+000  2.78894511E-003
 6.27180926E+000  2.21075191E-003
 6.59031905E+000  1.73425690E-003
 6.92373860E+000  1.34509112E-003
 7.27347249E+000  1.03036215E-003
 7.64112794E+000  7.78567026E-004
 8.02855483E+000  5.79505677E-004
 8.43789605E+000  4.24195075E-004
 8.87165128E+000  3.04784113E-004
 9.33275876E+000  2.14469308E-004
 9.82470157E+000  1.47411381E-004
 1.00000000E+001  1.28975546E-004
