# 2 2000
 0.00000000E+000  0.00000000E+000
 5.00000000E-003  1.53757560E-004
 5.00000000E-003  1.53757560E-004
 1.00000000E-002  6.04830710E-004
 1.00000000E-002  6.04830710E-004
 1.50000000E-002  1.33865315E-003
 1.50000000E-002  1.33865315E-003
 2.00000000E-002  2.34156043E-003
 2.00000000E-002  2.34156043E-003
 2.50000000E-002  3.60070296E-003
 2.50000000E-002  3.60070296E-003
 3.00000000E-002  5.10396755E-003
 3.00000000E-002  5.10396755E-003
 3.50000000E-002  6.83990685E-003
 3.50000000E-002  6.83990685E-003
 4.00000000E-002  8.79767614E-003
 4.00000000E-002  8.79767614E-003
 4.50000000E-002  1.09669767E-002
 4.50000000E-002  1.09669767E-002
 5.00000000E-002  1.33380054E-002
 5.00000000E-002  1.33380054E-002
 5.50000000E-002  1.59014091E-002
 5.50000000E-002  1.59014091E-002
 6.00000000E-002  1.86482447E-002
 6.00000000E-002  1.86482447E-002
 6.50000000E-002  2.15699424E-002
 6.50000000E-002  2.15699424E-002
 7.00000000E-002  2.46582739E-002
 7.00000000E-002  2.46582739E-002
 7.50000000E-002  2.79053232E-002
 7.50000000E-002  2.79053232E-002
 8.00000000E-002  3.13034600E-002
 8.00000000E-002  3.13034600E-002
 8.50000000E-002  3.48453171E-002
 8.50000000E-002  3.48453171E-002
 9.00000000E-002  3.85237685E-002
 9.00000000E-002  3.85237685E-002
 9.50000000E-002  4.23319103E-002
 9.50000000E-002  4.23319103E-002
 1.00000000E-001  4.62630437E-002
 1.00000000E-001  4.62630437E-002
 1.05000000E-001  5.03106587E-002
 1.05000000E-001  5.03106587E-002
 1.10000000E-001  5.44684195E-002
 1.10000000E-001  5.44684195E-002
 1.15000000E-001  5.87301514E-002
 1.15000000E-001  5.87301514E-002
 1.20000000E-001  6.30898281E-002
 1.20000000E-001  6.30898281E-002
 1.25000000E-001  6.75415605E-002
 1.25000000E-001  6.75415605E-002
 1.30000000E-001  7.20795854E-002
 1.30000000E-001  7.20795854E-002
 1.35000000E-001  7.66982561E-002
 1.35000000E-001  7.66982561E-002
 1.40000000E-001  8.13920320E-002
 1.40000000E-001  8.13920320E-002
 1.45000000E-001  8.61554699E-002
 1.45000000E-001  8.61554699E-002
 1.50000000E-001  9.09607069E-002
 1.50000000E-001  9.09607069E-002
 1.55000000E-001  9.57558297E-002
 1.55000000E-001  9.57558297E-002
 1.60000000E-001  1.00490681E-001
 1.60000000E-001  1.00490681E-001
 1.65000000E-001  1.05122149E-001
 1.65000000E-001  1.05122149E-001
 1.70000000E-001  1.09613605E-001
 1.70000000E-001  1.09613605E-001
 1.75000000E-001  1.13934331E-001
 1.75000000E-001  1.13934331E-001
 1.80000000E-001  1.18058957E-001
 1.80000000E-001  1.18058957E-001
 1.85000000E-001  1.21966905E-001
 1.85000000E-001  1.21966905E-001
 1.90000000E-001  1.25641849E-001
 1.90000000E-001  1.25641849E-001
 1.95000000E-001  1.29071205E-001
 1.95000000E-001  1.29071205E-001
 2.00000000E-001  1.32245652E-001
 2.00000000E-001  1.32245652E-001
 2.05000000E-001  1.35158696E-001
 2.05000000E-001  1.35158696E-001
 2.10000000E-001  1.37806271E-001
 2.10000000E-001  1.37806271E-001
 2.15000000E-001  1.40186387E-001
 2.15000000E-001  1.40186387E-001
 2.20000000E-001  1.42298817E-001
 2.20000000E-001  1.42298817E-001
 2.25000000E-001  1.44144826E-001
 2.25000000E-001  1.44144826E-001
 2.30000000E-001  1.45726940E-001
 2.30000000E-001  1.45726940E-001
 2.35000000E-001  1.47048743E-001
 2.35000000E-001  1.47048743E-001
 2.40000000E-001  1.48114712E-001
 2.40000000E-001  1.48114712E-001
 2.45000000E-001  1.48930072E-001
 2.45000000E-001  1.48930072E-001
 2.50000000E-001  1.49500680E-001
 2.50000000E-001  1.49500680E-001
 2.55000000E-001  1.49832925E-001
 2.55000000E-001  1.49832925E-001
 2.60000000E-001  1.49933647E-001
 2.60000000E-001  1.49933647E-001
 2.65000000E-001  1.49810073E-001
 2.65000000E-001  1.49810073E-001
 2.70000000E-001  1.49469751E-001
 2.70000000E-001  1.49469751E-001
 2.75000000E-001  1.48920516E-001
 2.75000000E-001  1.48920516E-001
 2.80000000E-001  1.48170440E-001
 2.80000000E-001  1.48170440E-001
 2.85000000E-001  1.47227801E-001
 2.85000000E-001  1.47227801E-001
 2.90000000E-001  1.46101055E-001
 2.90000000E-001  1.46101055E-001
 2.95000000E-001  1.44798810E-001
 2.95000000E-001  1.44798810E-001
 3.00000000E-001  1.43329794E-001
 3.00000000E-001  1.43329794E-001
 3.05000000E-001  1.41702840E-001
 3.05000000E-001  1.41702840E-001
 3.10000000E-001  1.39926857E-001
 3.10000000E-001  1.39926857E-001
 3.15000000E-001  1.38010810E-001
 3.15000000E-001  1.38010810E-001
 3.20000000E-001  1.35963696E-001
 3.20000000E-001  1.35963696E-001
 3.25000000E-001  1.33794520E-001
 3.25000000E-001  1.33794520E-001
 3.30000000E-001  1.31512274E-001
 3.30000000E-001  1.31512274E-001
 3.35000000E-001  1.29125908E-001
 3.35000000E-001  1.29125908E-001
 3.40000000E-001  1.26644308E-001
 3.40000000E-001  1.26644308E-001
 3.45000000E-001  1.24076272E-001
 3.45000000E-001  1.24076272E-001
 3.50000000E-001  1.21430484E-001
 3.50000000E-001  1.21430484E-001
 3.55000000E-001  1.18715489E-001
 3.55000000E-001  1.18715489E-001
 3.60000000E-001  1.15939668E-001
 3.60000000E-001  1.15939668E-001
 3.65000000E-001  1.13111217E-001
 3.65000000E-001  1.13111217E-001
 3.70000000E-001  1.10238123E-001
 3.70000000E-001  1.10238123E-001
 3.75000000E-001  1.07328143E-001
 3.75000000E-001  1.07328143E-001
 3.80000000E-001  1.04388785E-001
 3.80000000E-001  1.04388785E-001
 3.85000000E-001  1.01427292E-001
 3.85000000E-001  1.01427292E-001
 3.90000000E-001  9.84506217E-002
 3.90000000E-001  9.84506217E-002
 3.95000000E-001  9.54654395E-002
 3.95000000E-001  9.54654395E-002
 4.00000000E-001  9.24781021E-002
 4.00000000E-001  9.24781021E-002
 4.05000000E-001  8.94946514E-002
 4.05000000E-001  8.94946514E-002
 4.10000000E-001  8.65208068E-002
 4.10000000E-001  8.65208068E-002
 4.15000000E-001  8.35619615E-002
 4.15000000E-001  8.35619615E-002
 4.20000000E-001  8.06231804E-002
 4.20000000E-001  8.06231804E-002
 4.25000000E-001  7.77091998E-002
 4.25000000E-001  7.77091998E-002
 4.30000000E-001  7.48244299E-002
 4.30000000E-001  7.48244299E-002
 4.35000000E-001  7.19729583E-002
 4.35000000E-001  7.19729583E-002
 4.40000000E-001  6.91585557E-002
 4.40000000E-001  6.91585557E-002
 4.45000000E-001  6.63846827E-002
 4.45000000E-001  6.63846827E-002
 4.50000000E-001  6.36544980E-002
 4.50000000E-001  6.36544980E-002
 4.55000000E-001  6.09708679E-002
 4.55000000E-001  6.09708679E-002
 4.60000000E-001  5.83363763E-002
 4.60000000E-001  5.83363763E-002
 4.65000000E-001  5.57533352E-002
 4.65000000E-001  5.57533352E-002
 4.70000000E-001  5.32237969E-002
 4.70000000E-001  5.32237969E-002
 4.75000000E-001  5.07495647E-002
 4.75000000E-001  5.07495647E-002
 4.80000000E-001  4.83322059E-002
 4.80000000E-001  4.83322059E-002
 4.85000000E-001  4.59730629E-002
 4.85000000E-001  4.59730629E-002
 4.90000000E-001  4.36732659E-002
 4.90000000E-001  4.36732659E-002
 4.95000000E-001  4.14337446E-002
 4.95000000E-001  4.14337446E-002
 5.00000000E-001  3.92552398E-002
 5.00000000E-001  3.92552398E-002
 5.05000000E-001  3.71383149E-002
 5.05000000E-001  3.71383149E-002
 5.10000000E-001  3.50833670E-002
 5.10000000E-001  3.50833670E-002
 5.15000000E-001  3.30906377E-002
 5.15000000E-001  3.30906377E-002
 5.20000000E-001  3.11602235E-002
 5.20000000E-001  3.11602235E-002
 5.25000000E-001  2.92920855E-002
 5.25000000E-001  2.92920855E-002
 5.30000000E-001  2.74860591E-002
 5.30000000E-001  2.74860591E-002
 5.35000000E-001  2.57418627E-002
 5.35000000E-001  2.57418627E-002
 5.40000000E-001  2.40591070E-002
 5.40000000E-001  2.40591070E-002
 5.45000000E-001  2.24373024E-002
 5.45000000E-001  2.24373024E-002
 5.50000000E-001  2.08758673E-002
 5.50000000E-001  2.08758673E-002
 5.55000000E-001  1.93741352E-002
 5.55000000E-001  1.93741352E-002
 5.60000000E-001  1.79313615E-002
 5.60000000E-001  1.79313615E-002
 5.65000000E-001  1.65467308E-002
 5.65000000E-001  1.65467308E-002
 5.70000000E-001  1.52193621E-002
 5.70000000E-001  1.52193621E-002
 5.75000000E-001  1.39483155E-002
 5.75000000E-001  1.39483155E-002
 5.80000000E-001  1.27325973E-002
 5.80000000E-001  1.27325973E-002
 5.85000000E-001  1.15711657E-002
 5.85000000E-001  1.15711657E-002
 5.90000000E-001  1.04629353E-002
 5.90000000E-001  1.04629353E-002
 5.95000000E-001  9.40678204E-003
 5.95000000E-001  9.40678204E-003
 6.00000000E-001  8.40154778E-003
 6.00000000E-001  8.40154778E-003
 6.05000000E-001  7.44604437E-003
 6.05000000E-001  7.44604437E-003
 6.10000000E-001  6.53905775E-003
 6.10000000E-001  6.53905775E-003
 6.15000000E-001  5.67935172E-003
 6.15000000E-001  5.67935172E-003
 6.20000000E-001  4.86567160E-003
 6.20000000E-001  4.86567160E-003
 6.25000000E-001  4.09674760E-003
 6.25000000E-001  4.09674760E-003
 6.30000000E-001  3.37129815E-003
 6.30000000E-001  3.37129815E-003
 6.35000000E-001  2.68803296E-003
 6.35000000E-001  2.68803296E-003
 6.40000000E-001  2.04565595E-003
 6.40000000E-001  2.04565595E-003
 6.45000000E-001  1.44286806E-003
 6.45000000E-001  1.44286806E-003
 6.50000000E-001  8.78369872E-004
 6.50000000E-001  8.78369872E-004
 6.55000000E-001  3.50864129E-004
 6.55000000E-001  3.50864129E-004
 6.60000000E-001 -1.40941908E-004
 6.60000000E-001 -1.40941908E-004
 6.65000000E-001 -5.98334215E-004
 6.65000000E-001 -5.98334215E-004
 6.70000000E-001 -1.02258990E-003
 6.70000000E-001 -1.02258990E-003
 6.75000000E-001 -1.41497520E-003
 6.75000000E-001 -1.41497520E-003
 6.80000000E-001 -1.77674365E-003
 6.80000000E-001 -1.77674365E-003
 6.85000000E-001 -2.10913430E-003
 6.85000000E-001 -2.10913430E-003
 6.90000000E-001 -2.41337010E-003
 6.90000000E-001 -2.41337010E-003
 6.95000000E-001 -2.69065636E-003
 6.95000000E-001 -2.69065636E-003
 7.00000000E-001 -2.94217938E-003
 7.00000000E-001 -2.94217938E-003
 7.05000000E-001 -3.16910514E-003
 7.05000000E-001 -3.16910514E-003
 7.10000000E-001 -3.37257807E-003
 7.10000000E-001 -3.37257807E-003
 7.15000000E-001 -3.55372002E-003
 7.15000000E-001 -3.55372002E-003
 7.20000000E-001 -3.71362924E-003
 7.20000000E-001 -3.71362924E-003
 7.25000000E-001 -3.85337951E-003
 7.25000000E-001 -3.85337951E-003
 7.30000000E-001 -3.97401933E-003
 7.30000000E-001 -3.97401933E-003
 7.35000000E-001 -4.07657125E-003
 7.35000000E-001 -4.07657125E-003
 7.40000000E-001 -4.16203128E-003
 7.40000000E-001 -4.16203128E-003
 7.45000000E-001 -4.23136835E-003
 7.45000000E-001 -4.23136835E-003
 7.50000000E-001 -4.28552387E-003
 7.50000000E-001 -4.28552387E-003
 7.55000000E-001 -4.32541146E-003
 7.55000000E-001 -4.32541146E-003
 7.60000000E-001 -4.35191658E-003
 7.60000000E-001 -4.35191658E-003
 7.65000000E-001 -4.36589646E-003
 7.65000000E-001 -4.36589646E-003
 7.70000000E-001 -4.36817987E-003
 7.70000000E-001 -4.36817987E-003
 7.75000000E-001 -4.35956718E-003
 7.75000000E-001 -4.35956718E-003
 7.80000000E-001 -4.34083029E-003
 7.80000000E-001 -4.34083029E-003
 7.85000000E-001 -4.31271281E-003
 7.85000000E-001 -4.31271281E-003
 7.90000000E-001 -4.27593010E-003
 7.90000000E-001 -4.27593010E-003
 7.95000000E-001 -4.23116957E-003
 7.95000000E-001 -4.23116957E-003
 8.00000000E-001 -4.17909083E-003
 8.00000000E-001 -4.17909083E-003
 8.05000000E-001 -4.12032609E-003
 8.05000000E-001 -4.12032609E-003
 8.10000000E-001 -4.05548042E-003
 8.10000000E-001 -4.05548042E-003
 8.15000000E-001 -3.98513220E-003
 8.15000000E-001 -3.98513220E-003
 8.20000000E-001 -3.90983349E-003
 8.20000000E-001 -3.90983349E-003
 8.25000000E-001 -3.83011053E-003
 8.25000000E-001 -3.83011053E-003
 8.30000000E-001 -3.74646420E-003
 8.30000000E-001 -3.74646420E-003
 8.35000000E-001 -3.65937056E-003
 8.35000000E-001 -3.65937056E-003
 8.40000000E-001 -3.56928137E-003
 8.40000000E-001 -3.56928137E-003
 8.45000000E-001 -3.47662468E-003
 8.45000000E-001 -3.47662468E-003
 8.50000000E-001 -3.38180541E-003
 8.50000000E-001 -3.38180541E-003
 8.55000000E-001 -3.28520592E-003
 8.55000000E-001 -3.28520592E-003
 8.60000000E-001 -3.18718667E-003
 8.60000000E-001 -3.18718667E-003
 8.65000000E-001 -3.08808682E-003
 8.65000000E-001 -3.08808682E-003
 8.70000000E-001 -2.98822488E-003
 8.70000000E-001 -2.98822488E-003
 8.75000000E-001 -2.88789934E-003
 8.75000000E-001 -2.88789934E-003
 8.80000000E-001 -2.78738933E-003
 8.80000000E-001 -2.78738933E-003
 8.85000000E-001 -2.68695525E-003
 8.85000000E-001 -2.68695525E-003
 8.90000000E-001 -2.58683946E-003
 8.90000000E-001 -2.58683946E-003
 8.95000000E-001 -2.48726690E-003
 8.95000000E-001 -2.48726690E-003
 9.00000000E-001 -2.38844575E-003
 9.00000000E-001 -2.38844575E-003
 9.05000000E-001 -2.29056808E-003
 9.05000000E-001 -2.29056808E-003
 9.10000000E-001 -2.19381048E-003
 9.10000000E-001 -2.19381048E-003
 9.15000000E-001 -2.09833470E-003
 9.15000000E-001 -2.09833470E-003
 9.20000000E-001 -2.00428829E-003
 9.20000000E-001 -2.00428829E-003
 9.25000000E-001 -1.91180518E-003
 9.25000000E-001 -1.91180518E-003
 9.30000000E-001 -1.82100633E-003
 9.30000000E-001 -1.82100633E-003
 9.35000000E-001 -1.73200032E-003
 9.35000000E-001 -1.73200032E-003
 9.40000000E-001 -1.64488392E-003
 9.40000000E-001 -1.64488392E-003
 9.45000000E-001 -1.55974267E-003
 9.45000000E-001 -1.55974267E-003
 9.50000000E-001 -1.47665146E-003
 9.50000000E-001 -1.47665146E-003
 9.55000000E-001 -1.39567505E-003
 9.55000000E-001 -1.39567505E-003
 9.60000000E-001 -1.31686863E-003
 9.60000000E-001 -1.31686863E-003
 9.65000000E-001 -1.24027835E-003
 9.65000000E-001 -1.24027835E-003
 9.70000000E-001 -1.16594179E-003
 9.70000000E-001 -1.16594179E-003
 9.75000000E-001 -1.09388851E-003
 9.75000000E-001 -1.09388851E-003
 9.80000000E-001 -1.02414046E-003
 9.80000000E-001 -1.02414046E-003
 9.85000000E-001 -9.56712512E-004
 9.85000000E-001 -9.56712512E-004
 9.90000000E-001 -8.91612867E-004
 9.90000000E-001 -8.91612867E-004
 9.95000000E-001 -8.28843508E-004
 9.95000000E-001 -8.28843508E-004
 1.00000000E+000 -7.68400614E-004
 1.00000000E+000 -7.68400614E-004
 1.00500000E+000 -7.10274963E-004
 1.00500000E+000 -7.10274963E-004
 1.01000000E+000 -6.54452331E-004
 1.01000000E+000 -6.54452331E-004
 1.01500000E+000 -6.00913856E-004
 1.01500000E+000 -6.00913856E-004
 1.02000000E+000 -5.49636408E-004
 1.02000000E+000 -5.49636408E-004
 1.02500000E+000 -5.00592931E-004
 1.02500000E+000 -5.00592931E-004
 1.03000000E+000 -4.53752775E-004
 1.03000000E+000 -4.53752775E-004
 1.03500000E+000 -4.09082015E-004
 1.03500000E+000 -4.09082015E-004
 1.04000000E+000 -3.66543754E-004
 1.04000000E+000 -3.66543754E-004
 1.04500000E+000 -3.26098415E-004
 1.04500000E+000 -3.26098415E-004
 1.05000000E+000 -2.87704013E-004
 1.05000000E+000 -2.87704013E-004
 1.05500000E+000 -2.51316427E-004
 1.05500000E+000 -2.51316427E-004
 1.06000000E+000 -2.16889642E-004
 1.06000000E+000 -2.16889642E-004
 1.06500000E+000 -1.84375993E-004
 1.06500000E+000 -1.84375993E-004
 1.07000000E+000 -1.53726388E-004
 1.07000000E+000 -1.53726388E-004
 1.07500000E+000 -1.24890526E-004
 1.07500000E+000 -1.24890526E-004
 1.08000000E+000 -9.78170934E-005
 1.08000000E+000 -9.78170934E-005
 1.08500000E+000 -7.24539588E-005
 1.08500000E+000 -7.24539588E-005
 1.09000000E+000 -4.87483528E-005
 1.09000000E+000 -4.87483528E-005
 1.09500000E+000 -2.66470364E-005
 1.09500000E+000 -2.66470364E-005
 1.10000000E+000 -6.09646025E-006
 1.10000000E+000 -6.09646025E-006
 1.10500000E+000  1.29570866E-005
 1.10500000E+000  1.29570866E-005
 1.11000000E+000  3.05673371E-005
 1.11000000E+000  3.05673371E-005
 1.11500000E+000  4.67879168E-005
 1.11500000E+000  4.67879168E-005
 1.12000000E+000  6.16722227E-005
 1.12000000E+000  6.16722227E-005
 1.12500000E+000  7.52733112E-005
 1.12500000E+000  7.52733112E-005
 1.13000000E+000  8.76437944E-005
 1.13000000E+000  8.76437944E-005
 1.13500000E+000  9.88357442E-005
 1.13500000E+000  9.88357442E-005
 1.14000000E+000  1.08900605E-004
 1.14000000E+000  1.08900605E-004
 1.14500000E+000  1.17889111E-004
 1.14500000E+000  1.17889111E-004
 1.15000000E+000  1.25851215E-004
 1.15000000E+000  1.25851215E-004
 1.15500000E+000  1.32836023E-004
 1.15500000E+000  1.32836023E-004
 1.16000000E+000  1.38891728E-004
 1.16000000E+000  1.38891728E-004
 1.16500000E+000  1.44065563E-004
 1.16500000E+000  1.44065563E-004
 1.17000000E+000  1.48403748E-004
 1.17000000E+000  1.48403748E-004
 1.17500000E+000  1.51951450E-004
 1.17500000E+000  1.51951450E-004
 1.18000000E+000  1.54752744E-004
 1.18000000E+000  1.54752744E-004
 1.18500000E+000  1.56850584E-004
 1.18500000E+000  1.56850584E-004
 1.19000000E+000  1.58286770E-004
 1.19000000E+000  1.58286770E-004
 1.19500000E+000  1.59101933E-004
 1.19500000E+000  1.59101933E-004
 1.20000000E+000  1.59335508E-004
 1.20000000E+000  1.59335508E-004
 1.20500000E+000  1.59025728E-004
 1.20500000E+000  1.59025728E-004
 1.21000000E+000  1.58209605E-004
 1.21000000E+000  1.58209605E-004
 1.21500000E+000  1.56922929E-004
 1.21500000E+000  1.56922929E-004
 1.22000000E+000  1.55200263E-004
 1.22000000E+000  1.55200263E-004
 1.22500000E+000  1.53074941E-004
 1.22500000E+000  1.53074941E-004
 1.23000000E+000  1.50579070E-004
 1.23000000E+000  1.50579070E-004
 1.23500000E+000  1.47743537E-004
 1.23500000E+000  1.47743537E-004
 1.24000000E+000  1.44598017E-004
 1.24000000E+000  1.44598017E-004
 1.24500000E+000  1.41170978E-004
 1.24500000E+000  1.41170978E-004
 1.25000000E+000  1.37489701E-004
 1.25000000E+000  1.37489701E-004
 1.25500000E+000  1.33580287E-004
 1.25500000E+000  1.33580287E-004
 1.26000000E+000  1.29467675E-004
 1.26000000E+000  1.29467675E-004
 1.26500000E+000  1.25175664E-004
 1.26500000E+000  1.25175664E-004
 1.27000000E+000  1.20726924E-004
 1.27000000E+000  1.20726924E-004
 1.27500000E+000  1.16143024E-004
 1.27500000E+000  1.16143024E-004
 1.28000000E+000  1.11444449E-004
 1.28000000E+000  1.11444449E-004
 1.28500000E+000  1.06650625E-004
 1.28500000E+000  1.06650625E-004
 1.29000000E+000  1.01779942E-004
 1.29000000E+000  1.01779942E-004
 1.29500000E+000  9.68497787E-005
 1.29500000E+000  9.68497787E-005
 1.30000000E+000  9.18765279E-005
 1.30000000E+000  9.18765279E-005
 1.30500000E+000  8.68756228E-005
 1.30500000E+000  8.68756228E-005
 1.31000000E+000  8.18615629E-005
 1.31000000E+000  8.18615629E-005
 1.31500000E+000  7.68479414E-005
 1.31500000E+000  7.68479414E-005
 1.32000000E+000  7.18474726E-005
 1.32000000E+000  7.18474726E-005
 1.32500000E+000  6.68720191E-005
 1.32500000E+000  6.68720191E-005
 1.33000000E+000  6.19326198E-005
 1.33000000E+000  6.19326198E-005
 1.33500000E+000  5.70395174E-005
 1.33500000E+000  5.70395174E-005
 1.34000000E+000  5.22021867E-005
 1.34000000E+000  5.22021867E-005
 1.34500000E+000  4.74293620E-005
 1.34500000E+000  4.74293620E-005
 1.35000000E+000  4.27290650E-005
 1.35000000E+000  4.27290650E-005
 1.35500000E+000  3.81086324E-005
 1.35500000E+000  3.81086324E-005
 1.36000000E+000  3.35747430E-005
 1.36000000E+000  3.35747430E-005
 1.36500000E+000  2.91334450E-005
 1.36500000E+000  2.91334450E-005
 1.37000000E+000  2.47901829E-005
 1.37000000E+000  2.47901829E-005
 1.37500000E+000  2.05498232E-005
 1.37500000E+000  2.05498232E-005
 1.38000000E+000  1.64166814E-005
 1.38000000E+000  1.64166814E-005
 1.38500000E+000  1.23945468E-005
 1.38500000E+000  1.23945468E-005
 1.39000000E+000  8.48670826E-006
 1.39000000E+000  8.48670826E-006
 1.39500000E+000  4.69597836E-006
 1.39500000E+000  4.69597836E-006
 1.40000000E+000  1.02471788E-006
 1.40000000E+000  1.02471788E-006
 1.40500000E+000 -2.52514067E-006
 1.40500000E+000 -2.52514067E-006
 1.41000000E+000 -5.95206995E-006
 1.41000000E+000 -5.95206995E-006
 1.41500000E+000 -9.25492533E-006
 1.41500000E+000 -9.25492533E-006
 1.42000000E+000 -1.24329229E-005
 1.42000000E+000 -1.24329229E-005
 1.42500000E+000 -1.54856181E-005
 1.42500000E+000 -1.54856181E-005
 1.43000000E+000 -1.84128851E-005
 1.43000000E+000 -1.84128851E-005
 1.43500000E+000 -2.12148965E-005
 1.43500000E+000 -2.12148965E-005
 1.44000000E+000 -2.38921042E-005
 1.44000000E+000 -2.38921042E-005
 1.44500000E+000 -2.64452200E-005
 1.44500000E+000 -2.64452200E-005
 1.45000000E+000 -2.88751978E-005
 1.45000000E+000 -2.88751978E-005
 1.45500000E+000 -3.11832155E-005
 1.45500000E+000 -3.11832155E-005
 1.46000000E+000 -3.33706587E-005
 1.46000000E+000 -3.33706587E-005
 1.46500000E+000 -3.54391036E-005
 1.46500000E+000 -3.54391036E-005
 1.47000000E+000 -3.73903016E-005
 1.47000000E+000 -3.73903016E-005
 1.47500000E+000 -3.92261643E-005
 1.47500000E+000 -3.92261643E-005
 1.48000000E+000 -4.09487487E-005
 1.48000000E+000 -4.09487487E-005
 1.48500000E+000 -4.25602433E-005
 1.48500000E+000 -4.25602433E-005
 1.49000000E+000 -4.40629549E-005
 1.49000000E+000 -4.40629549E-005
 1.49500000E+000 -4.54592960E-005
 1.49500000E+000 -4.54592960E-005
 1.50000000E+000 -4.67517722E-005
 1.50000000E+000 -4.67517722E-005
 1.50500000E+000 -4.79429711E-005
 1.50500000E+000 -4.79429711E-005
 1.51000000E+000 -4.90355511E-005
 1.51000000E+000 -4.90355511E-005
 1.51500000E+000 -5.00322306E-005
 1.51500000E+000 -5.00322306E-005
 1.52000000E+000 -5.09357786E-005
 1.52000000E+000 -5.09357786E-005
 1.52500000E+000 -5.17490051E-005
 1.52500000E+000 -5.17490051E-005
 1.53000000E+000 -5.24747519E-005
 1.53000000E+000 -5.24747519E-005
 1.53500000E+000 -5.31158848E-005
 1.53500000E+000 -5.31158848E-005
 1.54000000E+000 -5.36752848E-005
 1.54000000E+000 -5.36752848E-005
 1.54500000E+000 -5.41558416E-005
 1.54500000E+000 -5.41558416E-005
 1.55000000E+000 -5.45604460E-005
 1.55000000E+000 -5.45604460E-005
 1.55500000E+000 -5.48919837E-005
 1.55500000E+000 -5.48919837E-005
 1.56000000E+000 -5.51533287E-005
 1.56000000E+000 -5.51533287E-005
 1.56500000E+000 -5.53473382E-005
 1.56500000E+000 -5.53473382E-005
 1.57000000E+000 -5.54768471E-005
 1.57000000E+000 -5.54768471E-005
 1.57500000E+000 -5.55446627E-005
 1.57500000E+000 -5.55446627E-005
 1.58000000E+000 -5.55535608E-005
 1.58000000E+000 -5.55535608E-005
 1.58500000E+000 -5.55062811E-005
 1.58500000E+000 -5.55062811E-005
 1.59000000E+000 -5.54055236E-005
 1.59000000E+000 -5.54055236E-005
 1.59500000E+000 -5.52539449E-005
 1.59500000E+000 -5.52539449E-005
 1.60000000E+000 -5.50541553E-005
 1.60000000E+000 -5.50541553E-005
 1.60500000E+000 -5.48087156E-005
 1.60500000E+000 -5.48087156E-005
 1.61000000E+000 -5.45201348E-005
 1.61000000E+000 -5.45201348E-005
 1.61500000E+000 -5.41908678E-005
 1.61500000E+000 -5.41908678E-005
 1.62000000E+000 -5.38233132E-005
 1.62000000E+000 -5.38233132E-005
 1.62500000E+000 -5.34198116E-005
 1.62500000E+000 -5.34198116E-005
 1.63000000E+000 -5.29826442E-005
 1.63000000E+000 -5.29826442E-005
 1.63500000E+000 -5.25140314E-005
 1.63500000E+000 -5.25140314E-005
 1.64000000E+000 -5.20161316E-005
 1.64000000E+000 -5.20161316E-005
 1.64500000E+000 -5.14910405E-005
 1.64500000E+000 -5.14910405E-005
 1.65000000E+000 -5.09407903E-005
 1.65000000E+000 -5.09407903E-005
 1.65500000E+000 -5.03673494E-005
 1.65500000E+000 -5.03673494E-005
 1.66000000E+000 -4.97726219E-005
 1.66000000E+000 -4.97726219E-005
 1.66500000E+000 -4.91584473E-005
 1.66500000E+000 -4.91584473E-005
 1.67000000E+000 -4.85266008E-005
 1.67000000E+000 -4.85266008E-005
 1.67500000E+000 -4.78787933E-005
 1.67500000E+000 -4.78787933E-005
 1.68000000E+000 -4.72166718E-005
 1.68000000E+000 -4.72166718E-005
 1.68500000E+000 -4.65418194E-005
 1.68500000E+000 -4.65418194E-005
 1.69000000E+000 -4.58557562E-005
 1.69000000E+000 -4.58557562E-005
 1.69500000E+000 -4.51599398E-005
 1.69500000E+000 -4.51599398E-005
 1.70000000E+000 -4.44557659E-005
 1.70000000E+000 -4.44557659E-005
 1.70500000E+000 -4.37445694E-005
 1.70500000E+000 -4.37445694E-005
 1.71000000E+000 -4.30276249E-005
 1.71000000E+000 -4.30276249E-005
 1.71500000E+000 -4.23061478E-005
 1.71500000E+000 -4.23061478E-005
 1.72000000E+000 -4.15812955E-005
 1.72000000E+000 -4.15812955E-005
 1.72500000E+000 -4.08541685E-005
 1.72500000E+000 -4.08541685E-005
 1.73000000E+000 -4.01258111E-005
 1.73000000E+000 -4.01258111E-005
 1.73500000E+000 -3.93972132E-005
 1.73500000E+000 -3.93972132E-005
 1.74000000E+000 -3.86693110E-005
 1.74000000E+000 -3.86693110E-005
 1.74500000E+000 -3.79429889E-005
 1.74500000E+000 -3.79429889E-005
 1.75000000E+000 -3.72190800E-005
 1.75000000E+000 -3.72190800E-005
 1.75500000E+000 -3.64983684E-005
 1.75500000E+000 -3.64983684E-005
 1.76000000E+000 -3.57815896E-005
 1.76000000E+000 -3.57815896E-005
 1.76500000E+000 -3.50694326E-005
 1.76500000E+000 -3.50694326E-005
 1.77000000E+000 -3.43625409E-005
 1.77000000E+000 -3.43625409E-005
 1.77500000E+000 -3.36615143E-005
 1.77500000E+000 -3.36615143E-005
 1.78000000E+000 -3.29669098E-005
 1.78000000E+000 -3.29669098E-005
 1.78500000E+000 -3.22792433E-005
 1.78500000E+000 -3.22792433E-005
 1.79000000E+000 -3.15989911E-005
 1.79000000E+000 -3.15989911E-005
 1.79500000E+000 -3.09265913E-005
 1.79500000E+000 -3.09265913E-005
 1.80000000E+000 -3.02624448E-005
 1.80000000E+000 -3.02624448E-005
 1.80500000E+000 -2.96069173E-005
 1.80500000E+000 -2.96069173E-005
 1.81000000E+000 -2.89603402E-005
 1.81000000E+000 -2.89603402E-005
 1.81500000E+000 -2.83230124E-005
 1.81500000E+000 -2.83230124E-005
 1.82000000E+000 -2.76952013E-005
 1.82000000E+000 -2.76952013E-005
 1.82500000E+000 -2.70771443E-005
 1.82500000E+000 -2.70771443E-005
 1.83000000E+000 -2.64690499E-005
 1.83000000E+000 -2.64690499E-005
 1.83500000E+000 -2.58710995E-005
 1.83500000E+000 -2.58710995E-005
 1.84000000E+000 -2.52834482E-005
 1.84000000E+000 -2.52834482E-005
 1.84500000E+000 -2.47062262E-005
 1.84500000E+000 -2.47062262E-005
 1.85000000E+000 -2.41395402E-005
 1.85000000E+000 -2.41395402E-005
 1.85500000E+000 -2.35834741E-005
 1.85500000E+000 -2.35834741E-005
 1.86000000E+000 -2.30380909E-005
 1.86000000E+000 -2.30380909E-005
 1.86500000E+000 -2.25034332E-005
 1.86500000E+000 -2.25034332E-005
 1.87000000E+000 -2.19795247E-005
 1.87000000E+000 -2.19795247E-005
 1.87500000E+000 -2.14663712E-005
 1.87500000E+000 -2.14663712E-005
 1.88000000E+000 -2.09639613E-005
 1.88000000E+000 -2.09639613E-005
 1.88500000E+000 -2.04722681E-005
 1.88500000E+000 -2.04722681E-005
 1.89000000E+000 -1.99912497E-005
 1.89000000E+000 -1.99912497E-005
 1.89500000E+000 -1.95208502E-005
 1.89500000E+000 -1.95208502E-005
 1.90000000E+000 -1.90610009E-005
 1.90000000E+000 -1.90610009E-005
 1.90500000E+000 -1.86116209E-005
 1.90500000E+000 -1.86116209E-005
 1.91000000E+000 -1.81726183E-005
 1.91000000E+000 -1.81726183E-005
 1.91500000E+000 -1.77438904E-005
 1.91500000E+000 -1.77438904E-005
 1.92000000E+000 -1.73253255E-005
 1.92000000E+000 -1.73253255E-005
 1.92500000E+000 -1.69168028E-005
 1.92500000E+000 -1.69168028E-005
 1.93000000E+000 -1.65181934E-005
 1.93000000E+000 -1.65181934E-005
 1.93500000E+000 -1.61293615E-005
 1.93500000E+000 -1.61293615E-005
 1.94000000E+000 -1.57501641E-005
 1.94000000E+000 -1.57501641E-005
 1.94500000E+000 -1.53804528E-005
 1.94500000E+000 -1.53804528E-005
 1.95000000E+000 -1.50200736E-005
 1.95000000E+000 -1.50200736E-005
 1.95500000E+000 -1.46688678E-005
 1.95500000E+000 -1.46688678E-005
 1.96000000E+000 -1.43266724E-005
 1.96000000E+000 -1.43266724E-005
 1.96500000E+000 -1.39933212E-005
 1.96500000E+000 -1.39933212E-005
 1.97000000E+000 -1.36686445E-005
 1.97000000E+000 -1.36686445E-005
 1.97500000E+000 -1.33524703E-005
 1.97500000E+000 -1.33524703E-005
 1.98000000E+000 -1.30446242E-005
 1.98000000E+000 -1.30446242E-005
 1.98500000E+000 -1.27449304E-005
 1.98500000E+000 -1.27449304E-005
 1.99000000E+000 -1.24532117E-005
 1.99000000E+000 -1.24532117E-005
 1.99500000E+000 -1.21692900E-005
 1.99500000E+000 -1.21692900E-005
 2.00000000E+000 -1.18929869E-005
 2.00000000E+000 -1.18929869E-005
 2.00500000E+000 -1.16241236E-005
 2.00500000E+000 -1.16241236E-005
 2.01000000E+000 -1.13625216E-005
 2.01000000E+000 -1.13625216E-005
 2.01500000E+000 -1.11080030E-005
 2.01500000E+000 -1.11080030E-005
 2.02000000E+000 -1.08603906E-005
 2.02000000E+000 -1.08603906E-005
 2.02500000E+000 -1.06195082E-005
 2.02500000E+000 -1.06195082E-005
 2.03000000E+000 -1.03851810E-005
 2.03000000E+000 -1.03851810E-005
 2.03500000E+000 -1.01572356E-005
 2.03500000E+000 -1.01572356E-005
 2.04000000E+000 -9.93550057E-006
 2.04000000E+000 -9.93550057E-006
 2.04500000E+000 -9.71980615E-006
 2.04500000E+000 -9.71980615E-006
 2.05000000E+000 -9.50998486E-006
 2.05000000E+000 -9.50998486E-006
 2.05500000E+000 -9.30587150E-006
 2.05500000E+000 -9.30587150E-006
 2.06000000E+000 -9.10730326E-006
 2.06000000E+000 -9.10730326E-006
 2.06500000E+000 -8.91411994E-006
 2.06500000E+000 -8.91411994E-006
 2.07000000E+000 -8.72616399E-006
 2.07000000E+000 -8.72616399E-006
 2.07500000E+000 -8.54328070E-006
 2.07500000E+000 -8.54328070E-006
 2.08000000E+000 -8.36531822E-006
 2.08000000E+000 -8.36531822E-006
 2.08500000E+000 -8.19212771E-006
 2.08500000E+000 -8.19212771E-006
 2.09000000E+000 -8.02356337E-006
 2.09000000E+000 -8.02356337E-006
 2.09500000E+000 -7.85948250E-006
 2.09500000E+000 -7.85948250E-006
 2.10000000E+000 -7.69974558E-006
 2.10000000E+000 -7.69974558E-006
 2.10500000E+000 -7.54421631E-006
 2.10500000E+000 -7.54421631E-006
 2.11000000E+000 -7.39276161E-006
 2.11000000E+000 -7.39276161E-006
 2.11500000E+000 -7.24525167E-006
 2.11500000E+000 -7.24525167E-006
 2.12000000E+000 -7.10155998E-006
 2.12000000E+000 -7.10155998E-006
 2.12500000E+000 -6.96156331E-006
 2.12500000E+000 -6.96156331E-006
 2.13000000E+000 -6.82514171E-006
 2.13000000E+000 -6.82514171E-006
 2.13500000E+000 -6.69217853E-006
 2.13500000E+000 -6.69217853E-006
 2.14000000E+000 -6.56256041E-006
 2.14000000E+000 -6.56256041E-006
 2.14500000E+000 -6.43617722E-006
 2.14500000E+000 -6.43617722E-006
 2.15000000E+000 -6.31292211E-006
 2.15000000E+000 -6.31292211E-006
 2.15500000E+000 -6.19269140E-006
 2.15500000E+000 -6.19269140E-006
 2.16000000E+000 -6.07538460E-006
 2.16000000E+000 -6.07538460E-006
 2.16500000E+000 -5.96090439E-006
 2.16500000E+000 -5.96090439E-006
 2.17000000E+000 -5.84915651E-006
 2.17000000E+000 -5.84915651E-006
 2.17500000E+000 -5.74004978E-006
 2.17500000E+000 -5.74004978E-006
 2.18000000E+000 -5.63349604E-006
 2.18000000E+000 -5.63349604E-006
 2.18500000E+000 -5.52941007E-006
 2.18500000E+000 -5.52941007E-006
 2.19000000E+000 -5.42770959E-006
 2.19000000E+000 -5.42770959E-006
 2.19500000E+000 -5.32831514E-006
 2.19500000E+000 -5.32831514E-006
 2.20000000E+000 -5.23115008E-006
 2.20000000E+000 -5.23115008E-006
 2.20500000E+000 -5.13614051E-006
 2.20500000E+000 -5.13614051E-006
 2.21000000E+000 -5.04321519E-006
 2.21000000E+000 -5.04321519E-006
 2.21500000E+000 -4.95230553E-006
 2.21500000E+000 -4.95230553E-006
 2.22000000E+000 -4.86334545E-006
 2.22000000E+000 -4.86334545E-006
 2.22500000E+000 -4.77627140E-006
 2.22500000E+000 -4.77627140E-006
 2.23000000E+000 -4.69102224E-006
 2.23000000E+000 -4.69102224E-006
 2.23500000E+000 -4.60753919E-006
 2.23500000E+000 -4.60753919E-006
 2.24000000E+000 -4.52576576E-006
 2.24000000E+000 -4.52576576E-006
 2.24500000E+000 -4.44564771E-006
 2.24500000E+000 -4.44564771E-006
 2.25000000E+000 -4.36713296E-006
 2.25000000E+000 -4.36713296E-006
 2.25500000E+000 -4.29017150E-006
 2.25500000E+000 -4.29017150E-006
 2.26000000E+000 -4.21471539E-006
 2.26000000E+000 -4.21471539E-006
 2.26500000E+000 -4.14071865E-006
 2.26500000E+000 -4.14071865E-006
 2.27000000E+000 -4.06813719E-006
 2.27000000E+000 -4.06813719E-006
 2.27500000E+000 -3.99692877E-006
 2.27500000E+000 -3.99692877E-006
 2.28000000E+000 -3.92705293E-006
 2.28000000E+000 -3.92705293E-006
 2.28500000E+000 -3.85847092E-006
 2.28500000E+000 -3.85847092E-006
 2.29000000E+000 -3.79114565E-006
 2.29000000E+000 -3.79114565E-006
 2.29500000E+000 -3.72504160E-006
 2.29500000E+000 -3.72504160E-006
 2.30000000E+000 -3.66012482E-006
 2.30000000E+000 -3.66012482E-006
 2.30500000E+000 -3.59636279E-006
 2.30500000E+000 -3.59636279E-006
 2.31000000E+000 -3.53372444E-006
 2.31000000E+000 -3.53372444E-006
 2.31500000E+000 -3.47218005E-006
 2.31500000E+000 -3.47218005E-006
 2.32000000E+000 -3.41170120E-006
 2.32000000E+000 -3.41170120E-006
 2.32500000E+000 -3.35226071E-006
 2.32500000E+000 -3.35226071E-006
 2.33000000E+000 -3.29383263E-006
 2.33000000E+000 -3.29383263E-006
 2.33500000E+000 -3.23639211E-006
 2.33500000E+000 -3.23639211E-006
 2.34000000E+000 -3.17991543E-006
 2.34000000E+000 -3.17991543E-006
 2.34500000E+000 -3.12437992E-006
 2.34500000E+000 -3.12437992E-006
 2.35000000E+000 -3.06976387E-006
 2.35000000E+000 -3.06976387E-006
 2.35500000E+000 -3.01604657E-006
 2.35500000E+000 -3.01604657E-006
 2.36000000E+000 -2.96320819E-006
 2.36000000E+000 -2.96320819E-006
 2.36500000E+000 -2.91122976E-006
 2.36500000E+000 -2.91122976E-006
 2.37000000E+000 -2.86009317E-006
 2.37000000E+000 -2.86009317E-006
 2.37500000E+000 -2.80978105E-006
 2.37500000E+000 -2.80978105E-006
 2.38000000E+000 -2.76027679E-006
 2.38000000E+000 -2.76027679E-006
 2.38500000E+000 -2.71156450E-006
 2.38500000E+000 -2.71156450E-006
 2.39000000E+000 -2.66362893E-006
 2.39000000E+000 -2.66362893E-006
 2.39500000E+000 -2.61645548E-006
 2.39500000E+000 -2.61645548E-006
 2.40000000E+000 -2.57003015E-006
 2.40000000E+000 -2.57003015E-006
 2.40500000E+000 -2.52433951E-006
 2.40500000E+000 -2.52433951E-006
 2.41000000E+000 -2.47937065E-006
 2.41000000E+000 -2.47937065E-006
 2.41500000E+000 -2.43511118E-006
 2.41500000E+000 -2.43511118E-006
 2.42000000E+000 -2.39154917E-006
 2.42000000E+000 -2.39154917E-006
 2.42500000E+000 -2.34867318E-006
 2.42500000E+000 -2.34867318E-006
 2.43000000E+000 -2.30647213E-006
 2.43000000E+000 -2.30647213E-006
 2.43500000E+000 -2.26493540E-006
 2.43500000E+000 -2.26493540E-006
 2.44000000E+000 -2.22405270E-006
 2.44000000E+000 -2.22405270E-006
 2.44500000E+000 -2.18381410E-006
 2.44500000E+000 -2.18381410E-006
 2.45000000E+000 -2.14421002E-006
 2.45000000E+000 -2.14421002E-006
 2.45500000E+000 -2.10523117E-006
 2.45500000E+000 -2.10523117E-006
 2.46000000E+000 -2.06686854E-006
 2.46000000E+000 -2.06686854E-006
 2.46500000E+000 -2.02911340E-006
 2.46500000E+000 -2.02911340E-006
 2.47000000E+000 -1.99195729E-006
 2.47000000E+000 -1.99195729E-006
 2.47500000E+000 -1.95539195E-006
 2.47500000E+000 -1.95539195E-006
 2.48000000E+000 -1.91940936E-006
 2.48000000E+000 -1.91940936E-006
 2.48500000E+000 -1.88400169E-006
 2.48500000E+000 -1.88400169E-006
 2.49000000E+000 -1.84916133E-006
 2.49000000E+000 -1.84916133E-006
 2.49500000E+000 -1.81488081E-006
 2.49500000E+000 -1.81488081E-006
 2.50000000E+000 -1.78115284E-006
 2.50000000E+000 -1.78115284E-006
 2.50500000E+000 -1.74797028E-006
 2.50500000E+000 -1.74797028E-006
 2.51000000E+000 -1.71532614E-006
 2.51000000E+000 -1.71532614E-006
 2.51500000E+000 -1.68321354E-006
 2.51500000E+000 -1.68321354E-006
 2.52000000E+000 -1.65162575E-006
 2.52000000E+000 -1.65162575E-006
 2.52500000E+000 -1.62055613E-006
 2.52500000E+000 -1.62055613E-006
 2.53000000E+000 -1.58999814E-006
 2.53000000E+000 -1.58999814E-006
 2.53500000E+000 -1.55994536E-006
 2.53500000E+000 -1.55994536E-006
 2.54000000E+000 -1.53039143E-006
 2.54000000E+000 -1.53039143E-006
 2.54500000E+000 -1.50133010E-006
 2.54500000E+000 -1.50133010E-006
 2.55000000E+000 -1.47275517E-006
 2.55000000E+000 -1.47275517E-006
 2.55500000E+000 -1.44466053E-006
 2.55500000E+000 -1.44466053E-006
 2.56000000E+000 -1.41704013E-006
 2.56000000E+000 -1.41704013E-006
 2.56500000E+000 -1.38988797E-006
 2.56500000E+000 -1.38988797E-006
 2.57000000E+000 -1.36319812E-006
 2.57000000E+000 -1.36319812E-006
 2.57500000E+000 -1.33696469E-006
 2.57500000E+000 -1.33696469E-006
 2.58000000E+000 -1.31118186E-006
 2.58000000E+000 -1.31118186E-006
 2.58500000E+000 -1.28584383E-006
 2.58500000E+000 -1.28584383E-006
 2.59000000E+000 -1.26094486E-006
 2.59000000E+000 -1.26094486E-006
 2.59500000E+000 -1.23647924E-006
 2.59500000E+000 -1.23647924E-006
 2.60000000E+000 -1.21244131E-006
 2.60000000E+000 -1.21244131E-006
 2.60500000E+000 -1.18882543E-006
 2.60500000E+000 -1.18882543E-006
 2.61000000E+000 -1.16562601E-006
 2.61000000E+000 -1.16562601E-006
 2.61500000E+000 -1.14283750E-006
 2.61500000E+000 -1.14283750E-006
 2.62000000E+000 -1.12045435E-006
 2.62000000E+000 -1.12045435E-006
 2.62500000E+000 -1.09847107E-006
 2.62500000E+000 -1.09847107E-006
 2.63000000E+000 -1.07688220E-006
 2.63000000E+000 -1.07688220E-006
 2.63500000E+000 -1.05568229E-006
 2.63500000E+000 -1.05568229E-006
 2.64000000E+000 -1.03486594E-006
 2.64000000E+000 -1.03486594E-006
 2.64500000E+000 -1.01442777E-006
 2.64500000E+000 -1.01442777E-006
 2.65000000E+000 -9.94362425E-007
 2.65000000E+000 -9.94362425E-007
 2.65500000E+000 -9.74664593E-007
 2.65500000E+000 -9.74664593E-007
 2.66000000E+000 -9.55328981E-007
 2.66000000E+000 -9.55328981E-007
 2.66500000E+000 -9.36350329E-007
 2.66500000E+000 -9.36350329E-007
 2.67000000E+000 -9.17723405E-007
 2.67000000E+000 -9.17723405E-007
 2.67500000E+000 -8.99443011E-007
 2.67500000E+000 -8.99443011E-007
 2.68000000E+000 -8.81503978E-007
 2.68000000E+000 -8.81503978E-007
 2.68500000E+000 -8.63901169E-007
 2.68500000E+000 -8.63901169E-007
 2.69000000E+000 -8.46629479E-007
 2.69000000E+000 -8.46629479E-007
 2.69500000E+000 -8.29683837E-007
 2.69500000E+000 -8.29683837E-007
 2.70000000E+000 -8.13059206E-007
 2.70000000E+000 -8.13059206E-007
 2.70500000E+000 -7.96750582E-007
 2.70500000E+000 -7.96750582E-007
 2.71000000E+000 -7.80752998E-007
 2.71000000E+000 -7.80752998E-007
 2.71500000E+000 -7.65061521E-007
 2.71500000E+000 -7.65061521E-007
 2.72000000E+000 -7.49671258E-007
 2.72000000E+000 -7.49671258E-007
 2.72500000E+000 -7.34577351E-007
 2.72500000E+000 -7.34577351E-007
 2.73000000E+000 -7.19774983E-007
 2.73000000E+000 -7.19774983E-007
 2.73500000E+000 -7.05259374E-007
 2.73500000E+000 -7.05259374E-007
 2.74000000E+000 -6.91025787E-007
 2.74000000E+000 -6.91025787E-007
 2.74500000E+000 -6.77069524E-007
 2.74500000E+000 -6.77069524E-007
 2.75000000E+000 -6.63385931E-007
 2.75000000E+000 -6.63385931E-007
 2.75500000E+000 -6.49970396E-007
 2.75500000E+000 -6.49970396E-007
 2.76000000E+000 -6.36818349E-007
 2.76000000E+000 -6.36818349E-007
 2.76500000E+000 -6.23925267E-007
 2.76500000E+000 -6.23925267E-007
 2.77000000E+000 -6.11286671E-007
 2.77000000E+000 -6.11286671E-007
 2.77500000E+000 -5.98898128E-007
 2.77500000E+000 -5.98898128E-007
 2.78000000E+000 -5.86755251E-007
 2.78000000E+000 -5.86755251E-007
 2.78500000E+000 -5.74853700E-007
 2.78500000E+000 -5.74853700E-007
 2.79000000E+000 -5.63189185E-007
 2.79000000E+000 -5.63189185E-007
 2.79500000E+000 -5.51757461E-007
 2.79500000E+000 -5.51757461E-007
 2.80000000E+000 -5.40554334E-007
 2.80000000E+000 -5.40554334E-007
 2.80500000E+000 -5.29575660E-007
 2.80500000E+000 -5.29575660E-007
 2.81000000E+000 -5.18817344E-007
 2.81000000E+000 -5.18817344E-007
 2.81500000E+000 -5.08275340E-007
 2.81500000E+000 -5.08275340E-007
 2.82000000E+000 -4.97945656E-007
 2.82000000E+000 -4.97945656E-007
 2.82500000E+000 -4.87824348E-007
 2.82500000E+000 -4.87824348E-007
 2.83000000E+000 -4.77907525E-007
 2.83000000E+000 -4.77907525E-007
 2.83500000E+000 -4.68191349E-007
 2.83500000E+000 -4.68191349E-007
 2.84000000E+000 -4.58672031E-007
 2.84000000E+000 -4.58672031E-007
 2.84500000E+000 -4.49345836E-007
 2.84500000E+000 -4.49345836E-007
 2.85000000E+000 -4.40209082E-007
 2.85000000E+000 -4.40209082E-007
 2.85500000E+000 -4.31258139E-007
 2.85500000E+000 -4.31258139E-007
 2.86000000E+000 -4.22489428E-007
 2.86000000E+000 -4.22489428E-007
 2.86500000E+000 -4.13899425E-007
 2.86500000E+000 -4.13899425E-007
 2.87000000E+000 -4.05484658E-007
 2.87000000E+000 -4.05484658E-007
 2.87500000E+000 -3.97241707E-007
 2.87500000E+000 -3.97241707E-007
 2.88000000E+000 -3.89167205E-007
 2.88000000E+000 -3.89167205E-007
 2.88500000E+000 -3.81257839E-007
 2.88500000E+000 -3.81257839E-007
 2.89000000E+000 -3.73510345E-007
 2.89000000E+000 -3.73510345E-007
 2.89500000E+000 -3.65921516E-007
 2.89500000E+000 -3.65921516E-007
 2.90000000E+000 -3.58488194E-007
 2.90000000E+000 -3.58488194E-007
 2.90500000E+000 -3.51207274E-007
 2.90500000E+000 -3.51207274E-007
 2.91000000E+000 -3.44075701E-007
 2.91000000E+000 -3.44075701E-007
 2.91500000E+000 -3.37090474E-007
 2.91500000E+000 -3.37090474E-007
 2.92000000E+000 -3.30248643E-007
 2.92000000E+000 -3.30248643E-007
 2.92500000E+000 -3.23547306E-007
 2.92500000E+000 -3.23547306E-007
 2.93000000E+000 -3.16983616E-007
 2.93000000E+000 -3.16983616E-007
 2.93500000E+000 -3.10554772E-007
 2.93500000E+000 -3.10554772E-007
 2.94000000E+000 -3.04258024E-007
 2.94000000E+000 -3.04258024E-007
 2.94500000E+000 -2.98090674E-007
 2.94500000E+000 -2.98090674E-007
 2.95000000E+000 -2.92050069E-007
 2.95000000E+000 -2.92050069E-007
 2.95500000E+000 -2.86133607E-007
 2.95500000E+000 -2.86133607E-007
 2.96000000E+000 -2.80338734E-007
 2.96000000E+000 -2.80338734E-007
 2.96500000E+000 -2.74662942E-007
 2.96500000E+000 -2.74662942E-007
 2.97000000E+000 -2.69103771E-007
 2.97000000E+000 -2.69103771E-007
 2.97500000E+000 -2.63658809E-007
 2.97500000E+000 -2.63658809E-007
 2.98000000E+000 -2.58325688E-007
 2.98000000E+000 -2.58325688E-007
 2.98500000E+000 -2.53102085E-007
 2.98500000E+000 -2.53102085E-007
 2.99000000E+000 -2.47985725E-007
 2.99000000E+000 -2.47985725E-007
 2.99500000E+000 -2.42974374E-007
 2.99500000E+000 -2.42974374E-007
 3.00000000E+000 -2.38065844E-007
 3.00000000E+000 -2.38065844E-007
 3.00500000E+000 -2.33257989E-007
 3.00500000E+000 -2.33257989E-007
 3.01000000E+000 -2.28548707E-007
 3.01000000E+000 -2.28548707E-007
 3.01500000E+000 -2.23935936E-007
 3.01500000E+000 -2.23935936E-007
 3.02000000E+000 -2.19417659E-007
 3.02000000E+000 -2.19417659E-007
 3.02500000E+000 -2.14991895E-007
 3.02500000E+000 -2.14991895E-007
 3.03000000E+000 -2.10656706E-007
 3.03000000E+000 -2.10656706E-007
 3.03500000E+000 -2.06410195E-007
 3.03500000E+000 -2.06410195E-007
 3.04000000E+000 -2.02250501E-007
 3.04000000E+000 -2.02250501E-007
 3.04500000E+000 -1.98175804E-007
 3.04500000E+000 -1.98175804E-007
 3.05000000E+000 -1.94184318E-007
 3.05000000E+000 -1.94184318E-007
 3.05500000E+000 -1.90274299E-007
 3.05500000E+000 -1.90274299E-007
 3.06000000E+000 -1.86444036E-007
 3.06000000E+000 -1.86444036E-007
 3.06500000E+000 -1.82691855E-007
 3.06500000E+000 -1.82691855E-007
 3.07000000E+000 -1.79016116E-007
 3.07000000E+000 -1.79016116E-007
 3.07500000E+000 -1.75415217E-007
 3.07500000E+000 -1.75415217E-007
 3.08000000E+000 -1.71887586E-007
 3.08000000E+000 -1.71887586E-007
 3.08500000E+000 -1.68431687E-007
 3.08500000E+000 -1.68431687E-007
 3.09000000E+000 -1.65046015E-007
 3.09000000E+000 -1.65046015E-007
 3.09500000E+000 -1.61729099E-007
 3.09500000E+000 -1.61729099E-007
 3.10000000E+000 -1.58479498E-007
 3.10000000E+000 -1.58479498E-007
 3.10500000E+000 -1.55295803E-007
 3.10500000E+000 -1.55295803E-007
 3.11000000E+000 -1.52176634E-007
 3.11000000E+000 -1.52176634E-007
 3.11500000E+000 -1.49120642E-007
 3.11500000E+000 -1.49120642E-007
 3.12000000E+000 -1.46126506E-007
 3.12000000E+000 -1.46126506E-007
 3.12500000E+000 -1.43192936E-007
 3.12500000E+000 -1.43192936E-007
 3.13000000E+000 -1.40318667E-007
 3.13000000E+000 -1.40318667E-007
 3.13500000E+000 -1.37502463E-007
 3.13500000E+000 -1.37502463E-007
 3.14000000E+000 -1.34743114E-007
 3.14000000E+000 -1.34743114E-007
 3.14500000E+000 -1.32039438E-007
 3.14500000E+000 -1.32039438E-007
 3.15000000E+000 -1.29390277E-007
 3.15000000E+000 -1.29390277E-007
 3.15500000E+000 -1.26794498E-007
 3.15500000E+000 -1.26794498E-007
 3.16000000E+000 -1.24250995E-007
 3.16000000E+000 -1.24250995E-007
 3.16500000E+000 -1.21758683E-007
 3.16500000E+000 -1.21758683E-007
 3.17000000E+000 -1.19316504E-007
 3.17000000E+000 -1.19316504E-007
 3.17500000E+000 -1.16923421E-007
 3.17500000E+000 -1.16923421E-007
 3.18000000E+000 -1.14578418E-007
 3.18000000E+000 -1.14578418E-007
 3.18500000E+000 -1.12280506E-007
 3.18500000E+000 -1.12280506E-007
 3.19000000E+000 -1.10028713E-007
 3.19000000E+000 -1.10028713E-007
 3.19500000E+000 -1.07822089E-007
 3.19500000E+000 -1.07822089E-007
 3.20000000E+000 -1.05659708E-007
 3.20000000E+000 -1.05659708E-007
 3.20500000E+000 -1.03540660E-007
 3.20500000E+000 -1.03540660E-007
 3.21000000E+000 -1.01464057E-007
 3.21000000E+000 -1.01464057E-007
 3.21500000E+000 -9.94290295E-008
 3.21500000E+000 -9.94290295E-008
 3.22000000E+000 -9.74347276E-008
 3.22000000E+000 -9.74347276E-008
 3.22500000E+000 -9.54803192E-008
 3.22500000E+000 -9.54803192E-008
 3.23000000E+000 -9.35649906E-008
 3.23000000E+000 -9.35649906E-008
 3.23500000E+000 -9.16879455E-008
 3.23500000E+000 -9.16879455E-008
 3.24000000E+000 -8.98484048E-008
 3.24000000E+000 -8.98484048E-008
 3.24500000E+000 -8.80456064E-008
 3.24500000E+000 -8.80456064E-008
 3.25000000E+000 -8.62788046E-008
 3.25000000E+000 -8.62788046E-008
 3.25500000E+000 -8.45472695E-008
 3.25500000E+000 -8.45472695E-008
 3.26000000E+000 -8.28502871E-008
 3.26000000E+000 -8.28502871E-008
 3.26500000E+000 -8.11871586E-008
 3.26500000E+000 -8.11871586E-008
 3.27000000E+000 -7.95572004E-008
 3.27000000E+000 -7.95572004E-008
 3.27500000E+000 -7.79597431E-008
 3.27500000E+000 -7.79597431E-008
 3.28000000E+000 -7.63941319E-008
 3.28000000E+000 -7.63941319E-008
 3.28500000E+000 -7.48597258E-008
 3.28500000E+000 -7.48597258E-008
 3.29000000E+000 -7.33558974E-008
 3.29000000E+000 -7.33558974E-008
 3.29500000E+000 -7.18820328E-008
 3.29500000E+000 -7.18820328E-008
 3.30000000E+000 -7.04375307E-008
 3.30000000E+000 -7.04375307E-008
 3.30500000E+000 -6.90218029E-008
 3.30500000E+000 -6.90218029E-008
 3.31000000E+000 -6.76342734E-008
 3.31000000E+000 -6.76342734E-008
 3.31500000E+000 -6.62743782E-008
 3.31500000E+000 -6.62743782E-008
 3.32000000E+000 -6.49415652E-008
 3.32000000E+000 -6.49415652E-008
 3.32500000E+000 -6.36352941E-008
 3.32500000E+000 -6.36352941E-008
 3.33000000E+000 -6.23550355E-008
 3.33000000E+000 -6.23550355E-008
 3.33500000E+000 -6.11002711E-008
 3.33500000E+000 -6.11002711E-008
 3.34000000E+000 -5.98704936E-008
 3.34000000E+000 -5.98704936E-008
 3.34500000E+000 -5.86652061E-008
 3.34500000E+000 -5.86652061E-008
 3.35000000E+000 -5.74839218E-008
 3.35000000E+000 -5.74839218E-008
 3.35500000E+000 -5.63261641E-008
 3.35500000E+000 -5.63261641E-008
 3.36000000E+000 -5.51914662E-008
 3.36000000E+000 -5.51914662E-008
 3.36500000E+000 -5.40793709E-008
 3.36500000E+000 -5.40793709E-008
 3.37000000E+000 -5.29894304E-008
 3.37000000E+000 -5.29894304E-008
 3.37500000E+000 -5.19212059E-008
 3.37500000E+000 -5.19212059E-008
 3.38000000E+000 -5.08742676E-008
 3.38000000E+000 -5.08742676E-008
 3.38500000E+000 -4.98481946E-008
 3.38500000E+000 -4.98481946E-008
 3.39000000E+000 -4.88425744E-008
 3.39000000E+000 -4.88425744E-008
 3.39500000E+000 -4.78570028E-008
 3.39500000E+000 -4.78570028E-008
 3.40000000E+000 -4.68910839E-008
 3.40000000E+000 -4.68910839E-008
 3.40500000E+000 -4.59444298E-008
 3.40500000E+000 -4.59444298E-008
 3.41000000E+000 -4.50166602E-008
 3.41000000E+000 -4.50166602E-008
 3.41500000E+000 -4.41074028E-008
 3.41500000E+000 -4.41074028E-008
 3.42000000E+000 -4.32162923E-008
 3.42000000E+000 -4.32162923E-008
 3.42500000E+000 -4.23429711E-008
 3.42500000E+000 -4.23429711E-008
 3.43000000E+000 -4.14870886E-008
 3.43000000E+000 -4.14870886E-008
 3.43500000E+000 -4.06483011E-008
 3.43500000E+000 -4.06483011E-008
 3.44000000E+000 -3.98262718E-008
 3.44000000E+000 -3.98262718E-008
 3.44500000E+000 -3.90206707E-008
 3.44500000E+000 -3.90206707E-008
 3.45000000E+000 -3.82311741E-008
 3.45000000E+000 -3.82311741E-008
 3.45500000E+000 -3.74574649E-008
 3.45500000E+000 -3.74574649E-008
 3.46000000E+000 -3.66992322E-008
 3.46000000E+000 -3.66992322E-008
 3.46500000E+000 -3.59561713E-008
 3.46500000E+000 -3.59561713E-008
 3.47000000E+000 -3.52279833E-008
 3.47000000E+000 -3.52279833E-008
 3.47500000E+000 -3.45143755E-008
 3.47500000E+000 -3.45143755E-008
 3.48000000E+000 -3.38150605E-008
 3.48000000E+000 -3.38150605E-008
 3.48500000E+000 -3.31297570E-008
 3.48500000E+000 -3.31297570E-008
 3.49000000E+000 -3.24581889E-008
 3.49000000E+000 -3.24581889E-008
 3.49500000E+000 -3.18000856E-008
 3.49500000E+000 -3.18000856E-008
 3.50000000E+000 -3.11551818E-008
 3.50000000E+000 -3.11551818E-008
 3.50500000E+000 -3.05232174E-008
 3.50500000E+000 -3.05232174E-008
 3.51000000E+000 -2.99039373E-008
 3.51000000E+000 -2.99039373E-008
 3.51500000E+000 -2.92970914E-008
 3.51500000E+000 -2.92970914E-008
 3.52000000E+000 -2.87024344E-008
 3.52000000E+000 -2.87024344E-008
 3.52500000E+000 -2.81197259E-008
 3.52500000E+000 -2.81197259E-008
 3.53000000E+000 -2.75487302E-008
 3.53000000E+000 -2.75487302E-008
 3.53500000E+000 -2.69892158E-008
 3.53500000E+000 -2.69892158E-008
 3.54000000E+000 -2.64409563E-008
 3.54000000E+000 -2.64409563E-008
 3.54500000E+000 -2.59037291E-008
 3.54500000E+000 -2.59037291E-008
 3.55000000E+000 -2.53773163E-008
 3.55000000E+000 -2.53773163E-008
 3.55500000E+000 -2.48615040E-008
 3.55500000E+000 -2.48615040E-008
 3.56000000E+000 -2.43560826E-008
 3.56000000E+000 -2.43560826E-008
 3.56500000E+000 -2.38608465E-008
 3.56500000E+000 -2.38608465E-008
 3.57000000E+000 -2.33755941E-008
 3.57000000E+000 -2.33755941E-008
 3.57500000E+000 -2.29001275E-008
 3.57500000E+000 -2.29001275E-008
 3.58000000E+000 -2.24342530E-008
 3.58000000E+000 -2.24342530E-008
 3.58500000E+000 -2.19777803E-008
 3.58500000E+000 -2.19777803E-008
 3.59000000E+000 -2.15305229E-008
 3.59000000E+000 -2.15305229E-008
 3.59500000E+000 -2.10922981E-008
 3.59500000E+000 -2.10922981E-008
 3.60000000E+000 -2.06629263E-008
 3.60000000E+000 -2.06629263E-008
 3.60500000E+000 -2.02422319E-008
 3.60500000E+000 -2.02422319E-008
 3.61000000E+000 -1.98300422E-008
 3.61000000E+000 -1.98300422E-008
 3.61500000E+000 -1.94261882E-008
 3.61500000E+000 -1.94261882E-008
 3.62000000E+000 -1.90305040E-008
 3.62000000E+000 -1.90305040E-008
 3.62500000E+000 -1.86428270E-008
 3.62500000E+000 -1.86428270E-008
 3.63000000E+000 -1.82629976E-008
 3.63000000E+000 -1.82629976E-008
 3.63500000E+000 -1.78908594E-008
 3.63500000E+000 -1.78908594E-008
 3.64000000E+000 -1.75262591E-008
 3.64000000E+000 -1.75262591E-008
 3.64500000E+000 -1.71690462E-008
 3.64500000E+000 -1.71690462E-008
 3.65000000E+000 -1.68190732E-008
 3.65000000E+000 -1.68190732E-008
 3.65500000E+000 -1.64761956E-008
 3.65500000E+000 -1.64761956E-008
 3.66000000E+000 -1.61402715E-008
 3.66000000E+000 -1.61402715E-008
 3.66500000E+000 -1.58111618E-008
 3.66500000E+000 -1.58111618E-008
 3.67000000E+000 -1.54887302E-008
 3.67000000E+000 -1.54887302E-008
 3.67500000E+000 -1.51728429E-008
 3.67500000E+000 -1.51728429E-008
 3.68000000E+000 -1.48633689E-008
 3.68000000E+000 -1.48633689E-008
 3.68500000E+000 -1.45601795E-008
 3.68500000E+000 -1.45601795E-008
 3.69000000E+000 -1.42631488E-008
 3.69000000E+000 -1.42631488E-008
 3.69500000E+000 -1.39721531E-008
 3.69500000E+000 -1.39721531E-008
 3.70000000E+000 -1.36870713E-008
 3.70000000E+000 -1.36870713E-008
 3.70500000E+000 -1.34077845E-008
 3.70500000E+000 -1.34077845E-008
 3.71000000E+000 -1.31341764E-008
 3.71000000E+000 -1.31341764E-008
 3.71500000E+000 -1.28661325E-008
 3.71500000E+000 -1.28661325E-008
 3.72000000E+000 -1.26035411E-008
 3.72000000E+000 -1.26035411E-008
 3.72500000E+000 -1.23462923E-008
 3.72500000E+000 -1.23462923E-008
 3.73000000E+000 -1.20942784E-008
 3.73000000E+000 -1.20942784E-008
 3.73500000E+000 -1.18473940E-008
 3.73500000E+000 -1.18473940E-008
 3.74000000E+000 -1.16055357E-008
 3.74000000E+000 -1.16055357E-008
 3.74500000E+000 -1.13686020E-008
 3.74500000E+000 -1.13686020E-008
 3.75000000E+000 -1.11364935E-008
 3.75000000E+000 -1.11364935E-008
 3.75500000E+000 -1.09091129E-008
 3.75500000E+000 -1.09091129E-008
 3.76000000E+000 -1.06863644E-008
 3.76000000E+000 -1.06863644E-008
 3.76500000E+000 -1.04681546E-008
 3.76500000E+000 -1.04681546E-008
 3.77000000E+000 -1.02543917E-008
 3.77000000E+000 -1.02543917E-008
 3.77500000E+000 -1.00449856E-008
 3.77500000E+000 -1.00449856E-008
 3.78000000E+000 -9.83984816E-009
 3.78000000E+000 -9.83984816E-009
 3.78500000E+000 -9.63889296E-009
 3.78500000E+000 -9.63889296E-009
 3.79000000E+000 -9.44203526E-009
 3.79000000E+000 -9.44203526E-009
 3.79500000E+000 -9.24919202E-009
 3.79500000E+000 -9.24919202E-009
 3.80000000E+000 -9.06028183E-009
 3.80000000E+000 -9.06028183E-009
 3.80500000E+000 -8.87522492E-009
 3.80500000E+000 -8.87522492E-009
 3.81000000E+000 -8.69394310E-009
 3.81000000E+000 -8.69394310E-009
 3.81500000E+000 -8.51635973E-009
 3.81500000E+000 -8.51635973E-009
 3.82000000E+000 -8.34239973E-009
 3.82000000E+000 -8.34239973E-009
 3.82500000E+000 -8.17198948E-009
 3.82500000E+000 -8.17198948E-009
 3.83000000E+000 -8.00505684E-009
 3.83000000E+000 -8.00505684E-009
 3.83500000E+000 -7.84153114E-009
 3.83500000E+000 -7.84153114E-009
 3.84000000E+000 -7.68134309E-009
 3.84000000E+000 -7.68134309E-009
 3.84500000E+000 -7.52442480E-009
 3.84500000E+000 -7.52442480E-009
 3.85000000E+000 -7.37070975E-009
 3.85000000E+000 -7.37070975E-009
 3.85500000E+000 -7.22013274E-009
 3.85500000E+000 -7.22013274E-009
 3.86000000E+000 -7.07262990E-009
 3.86000000E+000 -7.07262990E-009
 3.86500000E+000 -6.92813862E-009
 3.86500000E+000 -6.92813862E-009
 3.87000000E+000 -6.78659755E-009
 3.87000000E+000 -6.78659755E-009
 3.87500000E+000 -6.64794660E-009
 3.87500000E+000 -6.64794660E-009
 3.88000000E+000 -6.51212688E-009
 3.88000000E+000 -6.51212688E-009
 3.88500000E+000 -6.37908066E-009
 3.88500000E+000 -6.37908066E-009
 3.89000000E+000 -6.24875141E-009
 3.89000000E+000 -6.24875141E-009
 3.89500000E+000 -6.12108373E-009
 3.89500000E+000 -6.12108373E-009
 3.90000000E+000 -5.99602333E-009
 3.90000000E+000 -5.99602333E-009
 3.90500000E+000 -5.87351702E-009
 3.90500000E+000 -5.87351702E-009
 3.91000000E+000 -5.75351270E-009
 3.91000000E+000 -5.75351270E-009
 3.91500000E+000 -5.63595932E-009
 3.91500000E+000 -5.63595932E-009
 3.92000000E+000 -5.52080684E-009
 3.92000000E+000 -5.52080684E-009
 3.92500000E+000 -5.40800626E-009
 3.92500000E+000 -5.40800626E-009
 3.93000000E+000 -5.29750957E-009
 3.93000000E+000 -5.29750957E-009
 3.93500000E+000 -5.18926973E-009
 3.93500000E+000 -5.18926973E-009
 3.94000000E+000 -5.08324066E-009
 3.94000000E+000 -5.08324066E-009
 3.94500000E+000 -4.97937720E-009
 3.94500000E+000 -4.97937720E-009
 3.95000000E+000 -4.87763513E-009
 3.95000000E+000 -4.87763513E-009
 3.95500000E+000 -4.77797111E-009
 3.95500000E+000 -4.77797111E-009
 3.96000000E+000 -4.68034269E-009
 3.96000000E+000 -4.68034269E-009
 3.96500000E+000 -4.58470829E-009
 3.96500000E+000 -4.58470829E-009
 3.97000000E+000 -4.49102717E-009
 3.97000000E+000 -4.49102717E-009
 3.97500000E+000 -4.39925941E-009
 3.97500000E+000 -4.39925941E-009
 3.98000000E+000 -4.30936593E-009
 3.98000000E+000 -4.30936593E-009
 3.98500000E+000 -4.22130842E-009
 3.98500000E+000 -4.22130842E-009
 3.99000000E+000 -4.13504937E-009
 3.99000000E+000 -4.13504937E-009
 3.99500000E+000 -4.05055202E-009
 3.99500000E+000 -4.05055202E-009
 4.00000000E+000 -3.96778036E-009
 4.00000000E+000 -3.96778036E-009
 4.00500000E+000 -3.88669914E-009
 4.00500000E+000 -3.88669914E-009
 4.01000000E+000 -3.80727380E-009
 4.01000000E+000 -3.80727380E-009
 4.01500000E+000 -3.72947051E-009
 4.01500000E+000 -3.72947051E-009
 4.02000000E+000 -3.65325611E-009
 4.02000000E+000 -3.65325611E-009
 4.02500000E+000 -3.57859813E-009
 4.02500000E+000 -3.57859813E-009
 4.03000000E+000 -3.50546476E-009
 4.03000000E+000 -3.50546476E-009
 4.03500000E+000 -3.43382484E-009
 4.03500000E+000 -3.43382484E-009
 4.04000000E+000 -3.36364786E-009
 4.04000000E+000 -3.36364786E-009
 4.04500000E+000 -3.29490391E-009
 4.04500000E+000 -3.29490391E-009
 4.05000000E+000 -3.22756371E-009
 4.05000000E+000 -3.22756371E-009
 4.05500000E+000 -3.16159857E-009
 4.05500000E+000 -3.16159857E-009
 4.06000000E+000 -3.09698040E-009
 4.06000000E+000 -3.09698040E-009
 4.06500000E+000 -3.03368167E-009
 4.06500000E+000 -3.03368167E-009
 4.07000000E+000 -2.97167543E-009
 4.07000000E+000 -2.97167543E-009
 4.07500000E+000 -2.91093525E-009
 4.07500000E+000 -2.91093525E-009
 4.08000000E+000 -2.85143528E-009
 4.08000000E+000 -2.85143528E-009
 4.08500000E+000 -2.79315018E-009
 4.08500000E+000 -2.79315018E-009
 4.09000000E+000 -2.73605513E-009
 4.09000000E+000 -2.73605513E-009
 4.09500000E+000 -2.68012582E-009
 4.09500000E+000 -2.68012582E-009
 4.10000000E+000 -2.62533843E-009
 4.10000000E+000 -2.62533843E-009
 4.10500000E+000 -2.57166964E-009
 4.10500000E+000 -2.57166964E-009
 4.11000000E+000 -2.51909661E-009
 4.11000000E+000 -2.51909661E-009
 4.11500000E+000 -2.46759695E-009
 4.11500000E+000 -2.46759695E-009
 4.12000000E+000 -2.41714874E-009
 4.12000000E+000 -2.41714874E-009
 4.12500000E+000 -2.36773051E-009
 4.12500000E+000 -2.36773051E-009
 4.13000000E+000 -2.31932123E-009
 4.13000000E+000 -2.31932123E-009
 4.13500000E+000 -2.27190030E-009
 4.13500000E+000 -2.27190030E-009
 4.14000000E+000 -2.22544753E-009
 4.14000000E+000 -2.22544753E-009
 4.14500000E+000 -2.17994316E-009
 4.14500000E+000 -2.17994316E-009
 4.15000000E+000 -2.13536783E-009
 4.15000000E+000 -2.13536783E-009
 4.15500000E+000 -2.09170257E-009
 4.15500000E+000 -2.09170257E-009
 4.16000000E+000 -2.04892881E-009
 4.16000000E+000 -2.04892881E-009
 4.16500000E+000 -2.00702834E-009
 4.16500000E+000 -2.00702834E-009
 4.17000000E+000 -1.96598335E-009
 4.17000000E+000 -1.96598335E-009
 4.17500000E+000 -1.92577638E-009
 4.17500000E+000 -1.92577638E-009
 4.18000000E+000 -1.88639032E-009
 4.18000000E+000 -1.88639032E-009
 4.18500000E+000 -1.84780842E-009
 4.18500000E+000 -1.84780842E-009
 4.19000000E+000 -1.81001427E-009
 4.19000000E+000 -1.81001427E-009
 4.19500000E+000 -1.77299180E-009
 4.19500000E+000 -1.77299180E-009
 4.20000000E+000 -1.73672526E-009
 4.20000000E+000 -1.73672526E-009
 4.20500000E+000 -1.70119923E-009
 4.20500000E+000 -1.70119923E-009
 4.21000000E+000 -1.66639860E-009
 4.21000000E+000 -1.66639860E-009
 4.21500000E+000 -1.63230858E-009
 4.21500000E+000 -1.63230858E-009
 4.22000000E+000 -1.59891467E-009
 4.22000000E+000 -1.59891467E-009
 4.22500000E+000 -1.56620266E-009
 4.22500000E+000 -1.56620266E-009
 4.23000000E+000 -1.53415866E-009
 4.23000000E+000 -1.53415866E-009
 4.23500000E+000 -1.50276903E-009
 4.23500000E+000 -1.50276903E-009
 4.24000000E+000 -1.47202042E-009
 4.24000000E+000 -1.47202042E-009
 4.24500000E+000 -1.44189978E-009
 4.24500000E+000 -1.44189978E-009
 4.25000000E+000 -1.41239428E-009
 4.25000000E+000 -1.41239428E-009
 4.25500000E+000 -1.38349138E-009
 4.25500000E+000 -1.38349138E-009
 4.26000000E+000 -1.35517879E-009
 4.26000000E+000 -1.35517879E-009
 4.26500000E+000 -1.32744448E-009
 4.26500000E+000 -1.32744448E-009
 4.27000000E+000 -1.30027666E-009
 4.27000000E+000 -1.30027666E-009
 4.27500000E+000 -1.27366376E-009
 4.27500000E+000 -1.27366376E-009
 4.28000000E+000 -1.24759448E-009
 4.28000000E+000 -1.24759448E-009
 4.28500000E+000 -1.22205774E-009
 4.28500000E+000 -1.22205774E-009
 4.29000000E+000 -1.19704266E-009
 4.29000000E+000 -1.19704266E-009
 4.29500000E+000 -1.17253862E-009
 4.29500000E+000 -1.17253862E-009
 4.30000000E+000 -1.14853520E-009
 4.30000000E+000 -1.14853520E-009
 4.30500000E+000 -1.12502218E-009
 4.30500000E+000 -1.12502218E-009
 4.31000000E+000 -1.10198958E-009
 4.31000000E+000 -1.10198958E-009
 4.31500000E+000 -1.07942759E-009
 4.31500000E+000 -1.07942759E-009
 4.32000000E+000 -1.05732661E-009
 4.32000000E+000 -1.05732661E-009
 4.32500000E+000 -1.03567725E-009
 4.32500000E+000 -1.03567725E-009
 4.33000000E+000 -1.01447031E-009
 4.33000000E+000 -1.01447031E-009
 4.33500000E+000 -9.93696746E-010
 4.33500000E+000 -9.93696746E-010
 4.34000000E+000 -9.73347739E-010
 4.34000000E+000 -9.73347739E-010
 4.34500000E+000 -9.53414626E-010
 4.34500000E+000 -9.53414626E-010
 4.35000000E+000 -9.33888928E-010
 4.35000000E+000 -9.33888928E-010
 4.35500000E+000 -9.14762337E-010
 4.35500000E+000 -9.14762337E-010
 4.36000000E+000 -8.96026715E-010
 4.36000000E+000 -8.96026715E-010
 4.36500000E+000 -8.77674088E-010
 4.36500000E+000 -8.77674088E-010
 4.37000000E+000 -8.59696647E-010
 4.37000000E+000 -8.59696647E-010
 4.37500000E+000 -8.42086740E-010
 4.37500000E+000 -8.42086740E-010
 4.38000000E+000 -8.24836872E-010
 4.38000000E+000 -8.24836872E-010
 4.38500000E+000 -8.07939700E-010
 4.38500000E+000 -8.07939700E-010
 4.39000000E+000 -7.91388032E-010
 4.39000000E+000 -7.91388032E-010
 4.39500000E+000 -7.75174820E-010
 4.39500000E+000 -7.75174820E-010
 4.40000000E+000 -7.59293160E-010
 4.40000000E+000 -7.59293160E-010
 4.40500000E+000 -7.43736291E-010
 4.40500000E+000 -7.43736291E-010
 4.41000000E+000 -7.28497586E-010
 4.41000000E+000 -7.28497586E-010
 4.41500000E+000 -7.13570556E-010
 4.41500000E+000 -7.13570556E-010
 4.42000000E+000 -6.98948843E-010
 4.42000000E+000 -6.98948843E-010
 4.42500000E+000 -6.84626217E-010
 4.42500000E+000 -6.84626217E-010
 4.43000000E+000 -6.70596577E-010
 4.43000000E+000 -6.70596577E-010
 4.43500000E+000 -6.56853944E-010
 4.43500000E+000 -6.56853944E-010
 4.44000000E+000 -6.43392463E-010
 4.44000000E+000 -6.43392463E-010
 4.44500000E+000 -6.30206397E-010
 4.44500000E+000 -6.30206397E-010
 4.45000000E+000 -6.17290125E-010
 4.45000000E+000 -6.17290125E-010
 4.45500000E+000 -6.04638141E-010
 4.45500000E+000 -6.04638141E-010
 4.46000000E+000 -5.92245052E-010
 4.46000000E+000 -5.92245052E-010
 4.46500000E+000 -5.80105573E-010
 4.46500000E+000 -5.80105573E-010
 4.47000000E+000 -5.68214529E-010
 4.47000000E+000 -5.68214529E-010
 4.47500000E+000 -5.56566847E-010
 4.47500000E+000 -5.56566847E-010
 4.48000000E+000 -5.45157560E-010
 4.48000000E+000 -5.45157560E-010
 4.48500000E+000 -5.33981800E-010
 4.48500000E+000 -5.33981800E-010
 4.49000000E+000 -5.23034801E-010
 4.49000000E+000 -5.23034801E-010
 4.49500000E+000 -5.12311891E-010
 4.49500000E+000 -5.12311891E-010
 4.50000000E+000 -5.01808494E-010
 4.50000000E+000 -5.01808494E-010
 4.50500000E+000 -4.91520127E-010
 4.50500000E+000 -4.91520127E-010
 4.51000000E+000 -4.81442400E-010
 4.51000000E+000 -4.81442400E-010
 4.51500000E+000 -4.71571010E-010
 4.51500000E+000 -4.71571010E-010
 4.52000000E+000 -4.61901743E-010
 4.52000000E+000 -4.61901743E-010
 4.52500000E+000 -4.52430470E-010
 4.52500000E+000 -4.52430470E-010
 4.53000000E+000 -4.43153146E-010
 4.53000000E+000 -4.43153146E-010
 4.53500000E+000 -4.34065808E-010
 4.53500000E+000 -4.34065808E-010
 4.54000000E+000 -4.25164577E-010
 4.54000000E+000 -4.25164577E-010
 4.54500000E+000 -4.16445648E-010
 4.54500000E+000 -4.16445648E-010
 4.55000000E+000 -4.07905296E-010
 4.55000000E+000 -4.07905296E-010
 4.55500000E+000 -3.99539873E-010
 4.55500000E+000 -3.99539873E-010
 4.56000000E+000 -3.91345803E-010
 4.56000000E+000 -3.91345803E-010
 4.56500000E+000 -3.83319583E-010
 4.56500000E+000 -3.83319583E-010
 4.57000000E+000 -3.75457784E-010
 4.57000000E+000 -3.75457784E-010
 4.57500000E+000 -3.67757043E-010
 4.57500000E+000 -3.67757043E-010
 4.58000000E+000 -3.60214069E-010
 4.58000000E+000 -3.60214069E-010
 4.58500000E+000 -3.52825636E-010
 4.58500000E+000 -3.52825636E-010
 4.59000000E+000 -3.45588584E-010
 4.59000000E+000 -3.45588584E-010
 4.59500000E+000 -3.38499818E-010
 4.59500000E+000 -3.38499818E-010
 4.60000000E+000 -3.31556305E-010
 4.60000000E+000 -3.31556305E-010
 4.60500000E+000 -3.24755074E-010
 4.60500000E+000 -3.24755074E-010
 4.61000000E+000 -3.18093217E-010
 4.61000000E+000 -3.18093217E-010
 4.61500000E+000 -3.11567882E-010
 4.61500000E+000 -3.11567882E-010
 4.62000000E+000 -3.05176276E-010
 4.62000000E+000 -3.05176276E-010
 4.62500000E+000 -2.98915665E-010
 4.62500000E+000 -2.98915665E-010
 4.63000000E+000 -2.92783367E-010
 4.63000000E+000 -2.92783367E-010
 4.63500000E+000 -2.86776758E-010
 4.63500000E+000 -2.86776758E-010
 4.64000000E+000 -2.80893267E-010
 4.64000000E+000 -2.80893267E-010
 4.64500000E+000 -2.75130373E-010
 4.64500000E+000 -2.75130373E-010
 4.65000000E+000 -2.69485609E-010
 4.65000000E+000 -2.69485609E-010
 4.65500000E+000 -2.63956558E-010
 4.65500000E+000 -2.63956558E-010
 4.66000000E+000 -2.58540851E-010
 4.66000000E+000 -2.58540851E-010
 4.66500000E+000 -2.53236168E-010
 4.66500000E+000 -2.53236168E-010
 4.67000000E+000 -2.48040237E-010
 4.67000000E+000 -2.48040237E-010
 4.67500000E+000 -2.42950832E-010
 4.67500000E+000 -2.42950832E-010
 4.68000000E+000 -2.37965771E-010
 4.68000000E+000 -2.37965771E-010
 4.68500000E+000 -2.33082919E-010
 4.68500000E+000 -2.33082919E-010
 4.69000000E+000 -2.28300183E-010
 4.69000000E+000 -2.28300183E-010
 4.69500000E+000 -2.23615514E-010
 4.69500000E+000 -2.23615514E-010
 4.70000000E+000 -2.19026902E-010
 4.70000000E+000 -2.19026902E-010
 4.70500000E+000 -2.14532381E-010
 4.70500000E+000 -2.14532381E-010
 4.71000000E+000 -2.10130024E-010
 4.71000000E+000 -2.10130024E-010
 4.71500000E+000 -2.05817944E-010
 4.71500000E+000 -2.05817944E-010
 4.72000000E+000 -2.01594292E-010
 4.72000000E+000 -2.01594292E-010
 4.72500000E+000 -1.97457255E-010
 4.72500000E+000 -1.97457255E-010
 4.73000000E+000 -1.93405061E-010
 4.73000000E+000 -1.93405061E-010
 4.73500000E+000 -1.89435971E-010
 4.73500000E+000 -1.89435971E-010
 4.74000000E+000 -1.85548283E-010
 4.74000000E+000 -1.85548283E-010
 4.74500000E+000 -1.81740330E-010
 4.74500000E+000 -1.81740330E-010
 4.75000000E+000 -1.78010476E-010
 4.75000000E+000 -1.78010476E-010
 4.75500000E+000 -1.74357123E-010
 4.75500000E+000 -1.74357123E-010
 4.76000000E+000 -1.70778703E-010
 4.76000000E+000 -1.70778703E-010
 4.76500000E+000 -1.67273681E-010
 4.76500000E+000 -1.67273681E-010
 4.77000000E+000 -1.63840552E-010
 4.77000000E+000 -1.63840552E-010
 4.77500000E+000 -1.60477844E-010
 4.77500000E+000 -1.60477844E-010
 4.78000000E+000 -1.57184112E-010
 4.78000000E+000 -1.57184112E-010
 4.78500000E+000 -1.53957945E-010
 4.78500000E+000 -1.53957945E-010
 4.79000000E+000 -1.50797956E-010
 4.79000000E+000 -1.50797956E-010
 4.79500000E+000 -1.47702789E-010
 4.79500000E+000 -1.47702789E-010
 4.80000000E+000 -1.44671116E-010
 4.80000000E+000 -1.44671116E-010
 4.80500000E+000 -1.41701636E-010
 4.80500000E+000 -1.41701636E-010
 4.81000000E+000 -1.38793073E-010
 4.81000000E+000 -1.38793073E-010
 4.81500000E+000 -1.35944179E-010
 4.81500000E+000 -1.35944179E-010
 4.82000000E+000 -1.33153731E-010
 4.82000000E+000 -1.33153731E-010
 4.82500000E+000 -1.30420530E-010
 4.82500000E+000 -1.30420530E-010
 4.83000000E+000 -1.27743404E-010
 4.83000000E+000 -1.27743404E-010
 4.83500000E+000 -1.25121201E-010
 4.83500000E+000 -1.25121201E-010
 4.84000000E+000 -1.22552797E-010
 4.84000000E+000 -1.22552797E-010
 4.84500000E+000 -1.20037088E-010
 4.84500000E+000 -1.20037088E-010
 4.85000000E+000 -1.17572994E-010
 4.85000000E+000 -1.17572994E-010
 4.85500000E+000 -1.15159457E-010
 4.85500000E+000 -1.15159457E-010
 4.86000000E+000 -1.12795439E-010
 4.86000000E+000 -1.12795439E-010
 4.86500000E+000 -1.10479926E-010
 4.86500000E+000 -1.10479926E-010
 4.87000000E+000 -1.08211923E-010
 4.87000000E+000 -1.08211923E-010
 4.87500000E+000 -1.05990456E-010
 4.87500000E+000 -1.05990456E-010
 4.88000000E+000 -1.03814570E-010
 4.88000000E+000 -1.03814570E-010
 4.88500000E+000 -1.01683331E-010
 4.88500000E+000 -1.01683331E-010
 4.89000000E+000 -9.95958225E-011
 4.89000000E+000 -9.95958225E-011
 4.89500000E+000 -9.75511487E-011
 4.89500000E+000 -9.75511487E-011
 4.90000000E+000 -9.55484308E-011
 4.90000000E+000 -9.55484308E-011
 4.90500000E+000 -9.35868082E-011
 4.90500000E+000 -9.35868082E-011
 4.91000000E+000 -9.16654382E-011
 4.91000000E+000 -9.16654382E-011
 4.91500000E+000 -8.97834953E-011
 4.91500000E+000 -8.97834953E-011
 4.92000000E+000 -8.79401707E-011
 4.92000000E+000 -8.79401707E-011
 4.92500000E+000 -8.61346725E-011
 4.92500000E+000 -8.61346725E-011
 4.93000000E+000 -8.43662248E-011
 4.93000000E+000 -8.43662248E-011
 4.93500000E+000 -8.26340677E-011
 4.93500000E+000 -8.26340677E-011
 4.94000000E+000 -8.09374567E-011
 4.94000000E+000 -8.09374567E-011
 4.94500000E+000 -7.92756629E-011
 4.94500000E+000 -7.92756629E-011
 4.95000000E+000 -7.76479721E-011
 4.95000000E+000 -7.76479721E-011
 4.95500000E+000 -7.60536847E-011
 4.95500000E+000 -7.60536847E-011
 4.96000000E+000 -7.44921156E-011
 4.96000000E+000 -7.44921156E-011
 4.96500000E+000 -7.29625936E-011
 4.96500000E+000 -7.29625936E-011
 4.97000000E+000 -7.14644614E-011
 4.97000000E+000 -7.14644614E-011
 4.97500000E+000 -6.99970751E-011
 4.97500000E+000 -6.99970751E-011
 4.98000000E+000 -6.85598040E-011
 4.98000000E+000 -6.85598040E-011
 4.98500000E+000 -6.71520304E-011
 4.98500000E+000 -6.71520304E-011
 4.99000000E+000 -6.57731490E-011
 4.99000000E+000 -6.57731490E-011
 4.99500000E+000 -6.44225673E-011
 4.99500000E+000 -6.44225673E-011
 5.00000000E+000 -6.30997047E-011
