# 2 2000
 0.00000000E+000  0.00000000E+000
 5.00000000E-003  1.53757560E-004
 5.00000000E-003  1.53757560E-004
 1.00000000E-002  6.04830710E-004
 1.00000000E-002  6.04830710E-004
 1.50000000E-002  1.33865315E-003
 1.50000000E-002  1.33865315E-003
 2.00000000E-002  2.34156043E-003
 2.00000000E-002  2.34156043E-003
 2.50000000E-002  3.60070296E-003
 2.50000000E-002  3.60070296E-003
 3.00000000E-002  5.10396755E-003
 3.00000000E-002  5.10396755E-003
 3.50000000E-002  6.83990685E-003
 3.50000000E-002  6.83990685E-003
 4.00000000E-002  8.79767614E-003
 4.00000000E-002  8.79767614E-003
 4.50000000E-002  1.09669767E-002
 4.50000000E-002  1.09669767E-002
 5.00000000E-002  1.33380054E-002
 5.00000000E-002  1.33380054E-002
 5.50000000E-002  1.59014091E-002
 5.50000000E-002  1.59014091E-002
 6.00000000E-002  1.86482447E-002
 6.00000000E-002  1.86482447E-002
 6.50000000E-002  2.15699424E-002
 6.50000000E-002  2.15699424E-002
 7.00000000E-002  2.46582739E-002
 7.00000000E-002  2.46582739E-002
 7.50000000E-002  2.79053232E-002
 7.50000000E-002  2.79053232E-002
 8.00000000E-002  3.13034600E-002
 8.00000000E-002  3.13034600E-002
 8.50000000E-002  3.48453171E-002
 8.50000000E-002  3.48453171E-002
 9.00000000E-002  3.85237685E-002
 9.00000000E-002  3.85237685E-002
 9.50000000E-002  4.23319103E-002
 9.50000000E-002  4.23319103E-002
 1.00000000E-001  4.62630437E-002
 1.00000000E-001  4.62630437E-002
 1.05000000E-001  5.03106587E-002
 1.05000000E-001  5.03106587E-002
 1.10000000E-001  5.44684195E-002
 1.10000000E-001  5.44684195E-002
 1.15000000E-001  5.87301514E-002
 1.15000000E-001  5.87301514E-002
 1.20000000E-001  6.30898281E-002
 1.20000000E-001  6.30898281E-002
 1.25000000E-001  6.75415605E-002
 1.25000000E-001  6.75415605E-002
 1.30000000E-001  7.20795854E-002
 1.30000000E-001  7.20795854E-002
 1.35000000E-001  7.66982561E-002
 1.35000000E-001  7.66982561E-002
 1.40000000E-001  8.13920320E-002
 1.40000000E-001  8.13920320E-002
 1.45000000E-001  8.61554699E-002
 1.45000000E-001  8.61554699E-002
 1.50000000E-001  9.09642922E-002
 1.50000000E-001  9.09642922E-002
 1.55000000E-001  9.57710567E-002
 1.55000000E-001  9.57710567E-002
 1.60000000E-001  1.00527184E-001
 1.60000000E-001  1.00527184E-001
 1.65000000E-001  1.05190579E-001
 1.65000000E-001  1.05190579E-001
 1.70000000E-001  1.09725133E-001
 1.70000000E-001  1.09725133E-001
 1.75000000E-001  1.14100236E-001
 1.75000000E-001  1.14100236E-001
 1.80000000E-001  1.18290271E-001
 1.80000000E-001  1.18290271E-001
 1.85000000E-001  1.22274125E-001
 1.85000000E-001  1.22274125E-001
 1.90000000E-001  1.26034712E-001
 1.90000000E-001  1.26034712E-001
 1.95000000E-001  1.29558507E-001
 1.95000000E-001  1.29558507E-001
 2.00000000E-001  1.32835116E-001
 2.00000000E-001  1.32835116E-001
 2.05000000E-001  1.35856875E-001
 2.05000000E-001  1.35856875E-001
 2.10000000E-001  1.38618482E-001
 2.10000000E-001  1.38618482E-001
 2.15000000E-001  1.41116671E-001
 2.15000000E-001  1.41116671E-001
 2.20000000E-001  1.43349919E-001
 2.20000000E-001  1.43349919E-001
 2.25000000E-001  1.45318193E-001
 2.25000000E-001  1.45318193E-001
 2.30000000E-001  1.47022725E-001
 2.30000000E-001  1.47022725E-001
 2.35000000E-001  1.48465823E-001
 2.35000000E-001  1.48465823E-001
 2.40000000E-001  1.49650713E-001
 2.40000000E-001  1.49650713E-001
 2.45000000E-001  1.50581399E-001
 2.45000000E-001  1.50581399E-001
 2.50000000E-001  1.51262551E-001
 2.50000000E-001  1.51262551E-001
 2.55000000E-001  1.51699410E-001
 2.55000000E-001  1.51699410E-001
 2.60000000E-001  1.51897709E-001
 2.60000000E-001  1.51897709E-001
 2.65000000E-001  1.51863610E-001
 2.65000000E-001  1.51863610E-001
 2.70000000E-001  1.51603651E-001
 2.70000000E-001  1.51603651E-001
 2.75000000E-001  1.51124698E-001
 2.75000000E-001  1.51124698E-001
 2.80000000E-001  1.50433916E-001
 2.80000000E-001  1.50433916E-001
 2.85000000E-001  1.49538730E-001
 2.85000000E-001  1.49538730E-001
 2.90000000E-001  1.48446805E-001
 2.90000000E-001  1.48446805E-001
 2.95000000E-001  1.47166020E-001
 2.95000000E-001  1.47166020E-001
 3.00000000E-001  1.45704448E-001
 3.00000000E-001  1.45704448E-001
 3.05000000E-001  1.44070334E-001
 3.05000000E-001  1.44070334E-001
 3.10000000E-001  1.42272080E-001
 3.10000000E-001  1.42272080E-001
 3.15000000E-001  1.40318220E-001
 3.15000000E-001  1.40318220E-001
 3.20000000E-001  1.38217407E-001
 3.20000000E-001  1.38217407E-001
 3.25000000E-001  1.35978386E-001
 3.25000000E-001  1.35978386E-001
 3.30000000E-001  1.33609979E-001
 3.30000000E-001  1.33609979E-001
 3.35000000E-001  1.31121055E-001
 3.35000000E-001  1.31121055E-001
 3.40000000E-001  1.28520515E-001
 3.40000000E-001  1.28520515E-001
 3.45000000E-001  1.25817259E-001
 3.45000000E-001  1.25817259E-001
 3.50000000E-001  1.23020168E-001
 3.50000000E-001  1.23020168E-001
 3.55000000E-001  1.20138074E-001
 3.55000000E-001  1.20138074E-001
 3.60000000E-001  1.17179731E-001
 3.60000000E-001  1.17179731E-001
 3.65000000E-001  1.14153796E-001
 3.65000000E-001  1.14153796E-001
 3.70000000E-001  1.11068795E-001
 3.70000000E-001  1.11068795E-001
 3.75000000E-001  1.07933102E-001
 3.75000000E-001  1.07933102E-001
 3.80000000E-001  1.04754911E-001
 3.80000000E-001  1.04754911E-001
 3.85000000E-001  1.01542214E-001
 3.85000000E-001  1.01542214E-001
 3.90000000E-001  9.83027781E-002
 3.90000000E-001  9.83027781E-002
 3.95000000E-001  9.50441245E-002
 3.95000000E-001  9.50441245E-002
 4.00000000E-001  9.17735106E-002
 4.00000000E-001  9.17735106E-002
 4.05000000E-001  8.84979133E-002
 4.05000000E-001  8.84979133E-002
 4.10000000E-001  8.52240147E-002
 4.10000000E-001  8.52240147E-002
 4.15000000E-001  8.19581908E-002
 4.15000000E-001  8.19581908E-002
 4.20000000E-001  7.87065019E-002
 4.20000000E-001  7.87065019E-002
 4.25000000E-001  7.54746860E-002
 4.25000000E-001  7.54746860E-002
 4.30000000E-001  7.22681541E-002
 4.30000000E-001  7.22681541E-002
 4.35000000E-001  6.90919886E-002
 4.35000000E-001  6.90919886E-002
 4.40000000E-001  6.59509425E-002
 4.40000000E-001  6.59509425E-002
 4.45000000E-001  6.28494423E-002
 4.45000000E-001  6.28494423E-002
 4.50000000E-001  5.97915910E-002
 4.50000000E-001  5.97915910E-002
 4.55000000E-001  5.67811743E-002
 4.55000000E-001  5.67811743E-002
 4.60000000E-001  5.38216669E-002
 4.60000000E-001  5.38216669E-002
 4.65000000E-001  5.09162409E-002
 4.65000000E-001  5.09162409E-002
 4.70000000E-001  4.80677750E-002
 4.70000000E-001  4.80677750E-002
 4.75000000E-001  4.52788642E-002
 4.75000000E-001  4.52788642E-002
 4.80000000E-001  4.25518306E-002
 4.80000000E-001  4.25518306E-002
 4.85000000E-001  3.98887346E-002
 4.85000000E-001  3.98887346E-002
 4.90000000E-001  3.72913858E-002
 4.90000000E-001  3.72913858E-002
 4.95000000E-001  3.47613550E-002
 4.95000000E-001  3.47613550E-002
 5.00000000E-001  3.22999855E-002
 5.00000000E-001  3.22999855E-002
 5.05000000E-001  2.99084050E-002
 5.05000000E-001  2.99084050E-002
 5.10000000E-001  2.75875364E-002
 5.10000000E-001  2.75875364E-002
 5.15000000E-001  2.53381093E-002
 5.15000000E-001  2.53381093E-002
 5.20000000E-001  2.31606708E-002
 5.20000000E-001  2.31606708E-002
 5.25000000E-001  2.10555961E-002
 5.25000000E-001  2.10555961E-002
 5.30000000E-001  1.90230984E-002
 5.30000000E-001  1.90230984E-002
 5.35000000E-001  1.70632385E-002
 5.35000000E-001  1.70632385E-002
 5.40000000E-001  1.51759348E-002
 5.40000000E-001  1.51759348E-002
 5.45000000E-001  1.33609714E-002
 5.45000000E-001  1.33609714E-002
 5.50000000E-001  1.16180073E-002
 5.50000000E-001  1.16180073E-002
 5.55000000E-001  9.94658375E-003
 5.55000000E-001  9.94658375E-003
 5.60000000E-001  8.34613276E-003
 5.60000000E-001  8.34613276E-003
 5.65000000E-001  6.81598383E-003
 5.65000000E-001  6.81598383E-003
 5.70000000E-001  5.35537117E-003
 5.70000000E-001  5.35537117E-003
 5.75000000E-001  3.96344024E-003
 5.75000000E-001  3.96344024E-003
 5.80000000E-001  2.63925409E-003
 5.80000000E-001  2.63925409E-003
 5.85000000E-001  1.38179933E-003
 5.85000000E-001  1.38179933E-003
 5.90000000E-001  1.89991878E-004
 5.90000000E-001  1.89991878E-004
 5.95000000E-001 -9.37317571E-004
 5.95000000E-001 -9.37317571E-004
 6.00000000E-001 -2.00133835E-003
 6.00000000E-001 -2.00133835E-003
 6.05000000E-001 -3.00333477E-003
 6.05000000E-001 -3.00333477E-003
 6.10000000E-001 -3.94462138E-003
 6.10000000E-001 -3.94462138E-003
 6.15000000E-001 -4.82655828E-003
 6.15000000E-001 -4.82655828E-003
 6.20000000E-001 -5.65054670E-003
 6.20000000E-001 -5.65054670E-003
 6.25000000E-001 -6.41802478E-003
 6.25000000E-001 -6.41802478E-003
 6.30000000E-001 -7.13046332E-003
 6.30000000E-001 -7.13046332E-003
 6.35000000E-001 -7.78936189E-003
 6.35000000E-001 -7.78936189E-003
 6.40000000E-001 -8.39624491E-003
 6.40000000E-001 -8.39624491E-003
 6.45000000E-001 -8.95265794E-003
 6.45000000E-001 -8.95265794E-003
 6.50000000E-001 -9.46016406E-003
 6.50000000E-001 -9.46016406E-003
 6.55000000E-001 -9.92034033E-003
 6.55000000E-001 -9.92034033E-003
 6.60000000E-001 -1.03347745E-002
 6.60000000E-001 -1.03347745E-002
 6.65000000E-001 -1.07050615E-002
 6.65000000E-001 -1.07050615E-002
 6.70000000E-001 -1.10328006E-002
 6.70000000E-001 -1.10328006E-002
 6.75000000E-001 -1.13195922E-002
 6.75000000E-001 -1.13195922E-002
 6.80000000E-001 -1.15670347E-002
 6.80000000E-001 -1.15670347E-002
 6.85000000E-001 -1.17767218E-002
 6.85000000E-001 -1.17767218E-002
 6.90000000E-001 -1.19502401E-002
 6.90000000E-001 -1.19502401E-002
 6.95000000E-001 -1.20891658E-002
 6.95000000E-001 -1.20891658E-002
 7.00000000E-001 -1.21950628E-002
 7.00000000E-001 -1.21950628E-002
 7.05000000E-001 -1.22694800E-002
 7.05000000E-001 -1.22694800E-002
 7.10000000E-001 -1.23139491E-002
 7.10000000E-001 -1.23139491E-002
 7.15000000E-001 -1.23299824E-002
 7.15000000E-001 -1.23299824E-002
 7.20000000E-001 -1.23190709E-002
 7.20000000E-001 -1.23190709E-002
 7.25000000E-001 -1.22826824E-002
 7.25000000E-001 -1.22826824E-002
 7.30000000E-001 -1.22222595E-002
 7.30000000E-001 -1.22222595E-002
 7.35000000E-001 -1.21392182E-002
 7.35000000E-001 -1.21392182E-002
 7.40000000E-001 -1.20349461E-002
 7.40000000E-001 -1.20349461E-002
 7.45000000E-001 -1.19108012E-002
 7.45000000E-001 -1.19108012E-002
 7.50000000E-001 -1.17681105E-002
 7.50000000E-001 -1.17681105E-002
 7.55000000E-001 -1.16081689E-002
 7.55000000E-001 -1.16081689E-002
 7.60000000E-001 -1.14322381E-002
 7.60000000E-001 -1.14322381E-002
 7.65000000E-001 -1.12415457E-002
 7.65000000E-001 -1.12415457E-002
 7.70000000E-001 -1.10372844E-002
 7.70000000E-001 -1.10372844E-002
 7.75000000E-001 -1.08206112E-002
 7.75000000E-001 -1.08206112E-002
 7.80000000E-001 -1.05926471E-002
 7.80000000E-001 -1.05926471E-002
 7.85000000E-001 -1.03544761E-002
 7.85000000E-001 -1.03544761E-002
 7.90000000E-001 -1.01071454E-002
 7.90000000E-001 -1.01071454E-002
 7.95000000E-001 -9.85166484E-003
 7.95000000E-001 -9.85166484E-003
 8.00000000E-001 -9.58900678E-003
 8.00000000E-001 -9.58900678E-003
 8.05000000E-001 -9.32010598E-003
 8.05000000E-001 -9.32010598E-003
 8.10000000E-001 -9.04585969E-003
 8.10000000E-001 -9.04585969E-003
 8.15000000E-001 -8.76712771E-003
 8.15000000E-001 -8.76712771E-003
 8.20000000E-001 -8.48473256E-003
 8.20000000E-001 -8.48473256E-003
 8.25000000E-001 -8.19945976E-003
 8.25000000E-001 -8.19945976E-003
 8.30000000E-001 -7.91205815E-003
 8.30000000E-001 -7.91205815E-003
 8.35000000E-001 -7.62324026E-003
 8.35000000E-001 -7.62324026E-003
 8.40000000E-001 -7.33368279E-003
 8.40000000E-001 -7.33368279E-003
 8.45000000E-001 -7.04402712E-003
 8.45000000E-001 -7.04402712E-003
 8.50000000E-001 -6.75487984E-003
 8.50000000E-001 -6.75487984E-003
 8.55000000E-001 -6.46681342E-003
 8.55000000E-001 -6.46681342E-003
 8.60000000E-001 -6.18036681E-003
 8.60000000E-001 -6.18036681E-003
 8.65000000E-001 -5.89604617E-003
 8.65000000E-001 -5.89604617E-003
 8.70000000E-001 -5.61432559E-003
 8.70000000E-001 -5.61432559E-003
 8.75000000E-001 -5.33564786E-003
 8.75000000E-001 -5.33564786E-003
 8.80000000E-001 -5.06042524E-003
 8.80000000E-001 -5.06042524E-003
 8.85000000E-001 -4.78904030E-003
 8.85000000E-001 -4.78904030E-003
 8.90000000E-001 -4.52184672E-003
 8.90000000E-001 -4.52184672E-003
 8.95000000E-001 -4.25917018E-003
 8.95000000E-001 -4.25917018E-003
 9.00000000E-001 -4.00130922E-003
 9.00000000E-001 -4.00130922E-003
 9.05000000E-001 -3.74853608E-003
 9.05000000E-001 -3.74853608E-003
 9.10000000E-001 -3.50109761E-003
 9.10000000E-001 -3.50109761E-003
 9.15000000E-001 -3.25921618E-003
 9.15000000E-001 -3.25921618E-003
 9.20000000E-001 -3.02309052E-003
 9.20000000E-001 -3.02309052E-003
 9.25000000E-001 -2.79289666E-003
 9.25000000E-001 -2.79289666E-003
 9.30000000E-001 -2.56878880E-003
 9.30000000E-001 -2.56878880E-003
 9.35000000E-001 -2.35090022E-003
 9.35000000E-001 -2.35090022E-003
 9.40000000E-001 -2.13934411E-003
 9.40000000E-001 -2.13934411E-003
 9.45000000E-001 -1.93421450E-003
 9.45000000E-001 -1.93421450E-003
 9.50000000E-001 -1.73558711E-003
 9.50000000E-001 -1.73558711E-003
 9.55000000E-001 -1.54352019E-003
 9.55000000E-001 -1.54352019E-003
 9.60000000E-001 -1.35805538E-003
 9.60000000E-001 -1.35805538E-003
 9.65000000E-001 -1.17921854E-003
 9.65000000E-001 -1.17921854E-003
 9.70000000E-001 -1.00702056E-003
 9.70000000E-001 -1.00702056E-003
 9.75000000E-001 -8.41458186E-004
 9.75000000E-001 -8.41458186E-004
 9.80000000E-001 -6.82514764E-004
 9.80000000E-001 -6.82514764E-004
 9.85000000E-001 -5.30161056E-004
 9.85000000E-001 -5.30161056E-004
 9.90000000E-001 -3.84355967E-004
 9.90000000E-001 -3.84355967E-004
 9.95000000E-001 -2.45047293E-004
 9.95000000E-001 -2.45047293E-004
 1.00000000E+000 -1.12172431E-004
 1.00000000E+000 -1.12172431E-004
 1.00500000E+000  1.43409166E-005
 1.00500000E+000  1.43409166E-005
 1.01000000E+000  1.34574066E-004
 1.01000000E+000  1.34574066E-004
 1.01500000E+000  2.48616688E-004
 1.01500000E+000  2.48616688E-004
 1.02000000E+000  3.56566171E-004
 1.02000000E+000  3.56566171E-004
 1.02500000E+000  4.58526998E-004
 1.02500000E+000  4.58526998E-004
 1.03000000E+000  5.54610146E-004
 1.03000000E+000  5.54610146E-004
 1.03500000E+000  6.44932506E-004
 1.03500000E+000  6.44932506E-004
 1.04000000E+000  7.29616322E-004
 1.04000000E+000  7.29616322E-004
 1.04500000E+000  8.08788651E-004
 1.04500000E+000  8.08788651E-004
 1.05000000E+000  8.82580844E-004
 1.05000000E+000  8.82580844E-004
 1.05500000E+000  9.51128041E-004
 1.05500000E+000  9.51128041E-004
 1.06000000E+000  1.01456870E-003
 1.06000000E+000  1.01456870E-003
 1.06500000E+000  1.07304412E-003
 1.06500000E+000  1.07304412E-003
 1.07000000E+000  1.12669801E-003
 1.07000000E+000  1.12669801E-003
 1.07500000E+000  1.17567610E-003
 1.07500000E+000  1.17567610E-003
 1.08000000E+000  1.22012565E-003
 1.08000000E+000  1.22012565E-003
 1.08500000E+000  1.26019518E-003
 1.08500000E+000  1.26019518E-003
 1.09000000E+000  1.29603400E-003
 1.09000000E+000  1.29603400E-003
 1.09500000E+000  1.32779195E-003
 1.09500000E+000  1.32779195E-003
 1.10000000E+000  1.35561899E-003
 1.10000000E+000  1.35561899E-003
 1.10500000E+000  1.37966498E-003
 1.10500000E+000  1.37966498E-003
 1.11000000E+000  1.40007930E-003
 1.11000000E+000  1.40007930E-003
 1.11500000E+000  1.41701062E-003
 1.11500000E+000  1.41701062E-003
 1.12000000E+000  1.43060663E-003
 1.12000000E+000  1.43060663E-003
 1.12500000E+000  1.44101381E-003
 1.12500000E+000  1.44101381E-003
 1.13000000E+000  1.44837717E-003
 1.13000000E+000  1.44837717E-003
 1.13500000E+000  1.45284007E-003
 1.13500000E+000  1.45284007E-003
 1.14000000E+000  1.45454398E-003
 1.14000000E+000  1.45454398E-003
 1.14500000E+000  1.45362835E-003
 1.14500000E+000  1.45362835E-003
 1.15000000E+000  1.45023040E-003
 1.15000000E+000  1.45023040E-003
 1.15500000E+000  1.44448498E-003
 1.15500000E+000  1.44448498E-003
 1.16000000E+000  1.43652443E-003
 1.16000000E+000  1.43652443E-003
 1.16500000E+000  1.42647844E-003
 1.16500000E+000  1.42647844E-003
 1.17000000E+000  1.41447395E-003
 1.17000000E+000  1.41447395E-003
 1.17500000E+000  1.40063500E-003
 1.17500000E+000  1.40063500E-003
 1.18000000E+000  1.38508271E-003
 1.18000000E+000  1.38508271E-003
 1.18500000E+000  1.36793513E-003
 1.18500000E+000  1.36793513E-003
 1.19000000E+000  1.34930719E-003
 1.19000000E+000  1.34930719E-003
 1.19500000E+000  1.32931067E-003
 1.19500000E+000  1.32931067E-003
 1.20000000E+000  1.30805408E-003
 1.20000000E+000  1.30805408E-003
 1.20500000E+000  1.28564269E-003
 1.20500000E+000  1.28564269E-003
 1.21000000E+000  1.26217844E-003
 1.21000000E+000  1.26217844E-003
 1.21500000E+000  1.23775994E-003
 1.21500000E+000  1.23775994E-003
 1.22000000E+000  1.21248245E-003
 1.22000000E+000  1.21248245E-003
 1.22500000E+000  1.18643787E-003
 1.22500000E+000  1.18643787E-003
 1.23000000E+000  1.15971475E-003
 1.23000000E+000  1.15971475E-003
 1.23500000E+000  1.13239824E-003
 1.23500000E+000  1.13239824E-003
 1.24000000E+000  1.10457017E-003
 1.24000000E+000  1.10457017E-003
 1.24500000E+000  1.07630905E-003
 1.24500000E+000  1.07630905E-003
 1.25000000E+000  1.04769004E-003
 1.25000000E+000  1.04769004E-003
 1.25500000E+000  1.01878505E-003
 1.25500000E+000  1.01878505E-003
 1.26000000E+000  9.89662741E-004
 1.26000000E+000  9.89662741E-004
 1.26500000E+000  9.60388542E-004
 1.26500000E+000  9.60388542E-004
 1.27000000E+000  9.31024731E-004
 1.27000000E+000  9.31024731E-004
 1.27500000E+000  9.01630457E-004
 1.27500000E+000  9.01630457E-004
 1.28000000E+000  8.72261799E-004
 1.28000000E+000  8.72261799E-004
 1.28500000E+000  8.42971815E-004
 1.28500000E+000  8.42971815E-004
 1.29000000E+000  8.13810603E-004
 1.29000000E+000  8.13810603E-004
 1.29500000E+000  7.84825357E-004
 1.29500000E+000  7.84825357E-004
 1.30000000E+000  7.56060431E-004
 1.30000000E+000  7.56060431E-004
 1.30500000E+000  7.27557401E-004
 1.30500000E+000  7.27557401E-004
 1.31000000E+000  6.99355136E-004
 1.31000000E+000  6.99355136E-004
 1.31500000E+000  6.71489860E-004
 1.31500000E+000  6.71489860E-004
 1.32000000E+000  6.43995228E-004
 1.32000000E+000  6.43995228E-004
 1.32500000E+000  6.16902395E-004
 1.32500000E+000  6.16902395E-004
 1.33000000E+000  5.90240084E-004
 1.33000000E+000  5.90240084E-004
 1.33500000E+000  5.64034669E-004
 1.33500000E+000  5.64034669E-004
 1.34000000E+000  5.38310238E-004
 1.34000000E+000  5.38310238E-004
 1.34500000E+000  5.13088676E-004
 1.34500000E+000  5.13088676E-004
 1.35000000E+000  4.88389736E-004
 1.35000000E+000  4.88389736E-004
 1.35500000E+000  4.64231116E-004
 1.35500000E+000  4.64231116E-004
 1.36000000E+000  4.40628532E-004
 1.36000000E+000  4.40628532E-004
 1.36500000E+000  4.17595794E-004
 1.36500000E+000  4.17595794E-004
 1.37000000E+000  3.95144885E-004
 1.37000000E+000  3.95144885E-004
 1.37500000E+000  3.73286027E-004
 1.37500000E+000  3.73286027E-004
 1.38000000E+000  3.52027762E-004
 1.38000000E+000  3.52027762E-004
 1.38500000E+000  3.31377025E-004
 1.38500000E+000  3.31377025E-004
 1.39000000E+000  3.11339210E-004
 1.39000000E+000  3.11339210E-004
 1.39500000E+000  2.91918250E-004
 1.39500000E+000  2.91918250E-004
 1.40000000E+000  2.73116683E-004
 1.40000000E+000  2.73116683E-004
 1.40500000E+000  2.54935723E-004
 1.40500000E+000  2.54935723E-004
 1.41000000E+000  2.37375327E-004
 1.41000000E+000  2.37375327E-004
 1.41500000E+000  2.20434265E-004
 1.41500000E+000  2.20434265E-004
 1.42000000E+000  2.04110184E-004
 1.42000000E+000  2.04110184E-004
 1.42500000E+000  1.88399675E-004
 1.42500000E+000  1.88399675E-004
 1.43000000E+000  1.73298333E-004
 1.43000000E+000  1.73298333E-004
 1.43500000E+000  1.58800823E-004
 1.43500000E+000  1.58800823E-004
 1.44000000E+000  1.44900936E-004
 1.44000000E+000  1.44900936E-004
 1.44500000E+000  1.31591652E-004
 1.44500000E+000  1.31591652E-004
 1.45000000E+000  1.18865196E-004
 1.45000000E+000  1.18865196E-004
 1.45500000E+000  1.06713090E-004
 1.45500000E+000  1.06713090E-004
 1.46000000E+000  9.51262158E-005
 1.46000000E+000  9.51262158E-005
 1.46500000E+000  8.40948577E-005
 1.46500000E+000  8.40948577E-005
 1.47000000E+000  7.36087602E-005
 1.47000000E+000  7.36087602E-005
 1.47500000E+000  6.36571742E-005
 1.47500000E+000  6.36571742E-005
 1.48000000E+000  5.42289054E-005
 1.48000000E+000  5.42289054E-005
 1.48500000E+000  4.53123597E-005
 1.48500000E+000  4.53123597E-005
 1.49000000E+000  3.68955878E-005
 1.49000000E+000  3.68955878E-005
 1.49500000E+000  2.89663274E-005
 1.49500000E+000  2.89663274E-005
 1.50000000E+000  2.15120441E-005
 1.50000000E+000  2.15120441E-005
 1.50500000E+000  1.45199704E-005
 1.50500000E+000  1.45199704E-005
 1.51000000E+000  7.97714353E-006
 1.51000000E+000  7.97714353E-006
 1.51500000E+000  1.87044093E-006
 1.51500000E+000  1.87044093E-006
 1.52000000E+000 -3.81338520E-006
 1.52000000E+000 -3.81338520E-006
 1.52500000E+000 -9.08767542E-006
 1.52500000E+000 -9.08767542E-006
 1.53000000E+000 -1.39658319E-005
 1.53000000E+000 -1.39658319E-005
 1.53500000E+000 -1.84612889E-005
 1.53500000E+000 -1.84612889E-005
 1.54000000E+000 -2.25874850E-005
 1.54000000E+000 -2.25874850E-005
 1.54500000E+000 -2.63578360E-005
 1.54500000E+000 -2.63578360E-005
 1.55000000E+000 -2.97857107E-005
 1.55000000E+000 -2.97857107E-005
 1.55500000E+000 -3.28844069E-005
 1.55500000E+000 -3.28844069E-005
 1.56000000E+000 -3.56671290E-005
 1.56000000E+000 -3.56671290E-005
 1.56500000E+000 -3.81469678E-005
 1.56500000E+000 -3.81469678E-005
 1.57000000E+000 -4.03368806E-005
 1.57000000E+000 -4.03368806E-005
 1.57500000E+000 -4.22496734E-005
 1.57500000E+000 -4.22496734E-005
 1.58000000E+000 -4.38979835E-005
 1.58000000E+000 -4.38979835E-005
 1.58500000E+000 -4.52942648E-005
 1.58500000E+000 -4.52942648E-005
 1.59000000E+000 -4.64507726E-005
 1.59000000E+000 -4.64507726E-005
 1.59500000E+000 -4.73795506E-005
 1.59500000E+000 -4.73795506E-005
 1.60000000E+000 -4.80924189E-005
 1.60000000E+000 -4.80924189E-005
 1.60500000E+000 -4.86009631E-005
 1.60500000E+000 -4.86009631E-005
 1.61000000E+000 -4.89165240E-005
 1.61000000E+000 -4.89165240E-005
 1.61500000E+000 -4.90501890E-005
 1.61500000E+000 -4.90501890E-005
 1.62000000E+000 -4.90127840E-005
 1.62000000E+000 -4.90127840E-005
 1.62500000E+000 -4.88148664E-005
 1.62500000E+000 -4.88148664E-005
 1.63000000E+000 -4.84667191E-005
 1.63000000E+000 -4.84667191E-005
 1.63500000E+000 -4.79783451E-005
 1.63500000E+000 -4.79783451E-005
 1.64000000E+000 -4.73594635E-005
 1.64000000E+000 -4.73594635E-005
 1.64500000E+000 -4.66195054E-005
 1.64500000E+000 -4.66195054E-005
 1.65000000E+000 -4.57676115E-005
 1.65000000E+000 -4.57676115E-005
 1.65500000E+000 -4.48126297E-005
 1.65500000E+000 -4.48126297E-005
 1.66000000E+000 -4.37631138E-005
 1.66000000E+000 -4.37631138E-005
 1.66500000E+000 -4.26273230E-005
 1.66500000E+000 -4.26273230E-005
 1.67000000E+000 -4.14132214E-005
 1.67000000E+000 -4.14132214E-005
 1.67500000E+000 -4.01284786E-005
 1.67500000E+000 -4.01284786E-005
 1.68000000E+000 -3.87804707E-005
 1.68000000E+000 -3.87804707E-005
 1.68500000E+000 -3.73762819E-005
 1.68500000E+000 -3.73762819E-005
 1.69000000E+000 -3.59227066E-005
 1.69000000E+000 -3.59227066E-005
 1.69500000E+000 -3.44262516E-005
 1.69500000E+000 -3.44262516E-005
 1.70000000E+000 -3.28931395E-005
 1.70000000E+000 -3.28931395E-005
 1.70500000E+000 -3.13293115E-005
 1.70500000E+000 -3.13293115E-005
 1.71000000E+000 -2.97404316E-005
 1.71000000E+000 -2.97404316E-005
 1.71500000E+000 -2.81318902E-005
 1.71500000E+000 -2.81318902E-005
 1.72000000E+000 -2.65088088E-005
 1.72000000E+000 -2.65088088E-005
 1.72500000E+000 -2.48760446E-005
 1.72500000E+000 -2.48760446E-005
 1.73000000E+000 -2.32381954E-005
 1.73000000E+000 -2.32381954E-005
 1.73500000E+000 -2.15996047E-005
 1.73500000E+000 -2.15996047E-005
 1.74000000E+000 -1.99643672E-005
 1.74000000E+000 -1.99643672E-005
 1.74500000E+000 -1.83363345E-005
 1.74500000E+000 -1.83363345E-005
 1.75000000E+000 -1.67191207E-005
 1.75000000E+000 -1.67191207E-005
 1.75500000E+000 -1.51161082E-005
 1.75500000E+000 -1.51161082E-005
 1.76000000E+000 -1.35304543E-005
 1.76000000E+000 -1.35304543E-005
 1.76500000E+000 -1.19650967E-005
 1.76500000E+000 -1.19650967E-005
 1.77000000E+000 -1.04227605E-005
 1.77000000E+000 -1.04227605E-005
 1.77500000E+000 -8.90596393E-006
 1.77500000E+000 -8.90596393E-006
 1.78000000E+000 -7.41702502E-006
 1.78000000E+000 -7.41702502E-006
 1.78500000E+000 -5.95806819E-006
 1.78500000E+000 -5.95806819E-006
 1.79000000E+000 -4.53103057E-006
 1.79000000E+000 -4.53103057E-006
 1.79500000E+000 -3.13766864E-006
 1.79500000E+000 -3.13766864E-006
 1.80000000E+000 -1.77956466E-006
 1.80000000E+000 -1.77956466E-006
 1.80500000E+000 -4.58133215E-007
 1.80500000E+000 -4.58133215E-007
 1.81000000E+000  8.25372270E-007
 1.81000000E+000  8.25372270E-007
 1.81500000E+000  2.06985312E-006
 1.81500000E+000  2.06985312E-006
 1.82000000E+000  3.27435899E-006
 1.82000000E+000  3.27435899E-006
 1.82500000E+000  4.43808148E-006
 1.82500000E+000  4.43808148E-006
 1.83000000E+000  5.56034792E-006
 1.83000000E+000  5.56034792E-006
 1.83500000E+000  6.64061507E-006
 1.83500000E+000  6.64061507E-006
 1.84000000E+000  7.67846306E-006
 1.84000000E+000  7.67846306E-006
 1.84500000E+000  8.67358932E-006
 1.84500000E+000  8.67358932E-006
 1.85000000E+000  9.62580262E-006
 1.85000000E+000  9.62580262E-006
 1.85500000E+000  1.05350173E-005
 1.85500000E+000  1.05350173E-005
 1.86000000E+000  1.14012474E-005
 1.86000000E+000  1.14012474E-005
 1.86500000E+000  1.22246012E-005
 1.86500000E+000  1.22246012E-005
 1.87000000E+000  1.30052756E-005
 1.87000000E+000  1.30052756E-005
 1.87500000E+000  1.37435510E-005
 1.87500000E+000  1.37435510E-005
 1.88000000E+000  1.44397856E-005
 1.88000000E+000  1.44397856E-005
 1.88500000E+000  1.50944107E-005
 1.88500000E+000  1.50944107E-005
 1.89000000E+000  1.57079256E-005
 1.89000000E+000  1.57079256E-005
 1.89500000E+000  1.62808927E-005
 1.89500000E+000  1.62808927E-005
 1.90000000E+000  1.68139328E-005
 1.90000000E+000  1.68139328E-005
 1.90500000E+000  1.73077207E-005
 1.90500000E+000  1.73077207E-005
 1.91000000E+000  1.77629806E-005
 1.91000000E+000  1.77629806E-005
 1.91500000E+000  1.81804818E-005
 1.91500000E+000  1.81804818E-005
 1.92000000E+000  1.85610349E-005
 1.92000000E+000  1.85610349E-005
 1.92500000E+000  1.89054874E-005
 1.92500000E+000  1.89054874E-005
 1.93000000E+000  1.92147202E-005
 1.93000000E+000  1.92147202E-005
 1.93500000E+000  1.94896436E-005
 1.93500000E+000  1.94896436E-005
 1.94000000E+000  1.97311940E-005
 1.94000000E+000  1.97311940E-005
 1.94500000E+000  1.99403304E-005
 1.94500000E+000  1.99403304E-005
 1.95000000E+000  2.01180311E-005
 1.95000000E+000  2.01180311E-005
 1.95500000E+000  2.02652906E-005
 1.95500000E+000  2.02652906E-005
 1.96000000E+000  2.03831167E-005
 1.96000000E+000  2.03831167E-005
 1.96500000E+000  2.04725276E-005
 1.96500000E+000  2.04725276E-005
 1.97000000E+000  2.05345491E-005
 1.97000000E+000  2.05345491E-005
 1.97500000E+000  2.05702120E-005
 1.97500000E+000  2.05702120E-005
 1.98000000E+000  2.05805499E-005
 1.98000000E+000  2.05805499E-005
 1.98500000E+000  2.05665969E-005
 1.98500000E+000  2.05665969E-005
 1.99000000E+000  2.05293848E-005
 1.99000000E+000  2.05293848E-005
 1.99500000E+000  2.04699418E-005
 1.99500000E+000  2.04699418E-005
 2.00000000E+000  2.03892902E-005
 2.00000000E+000  2.03892902E-005
 2.00500000E+000  2.02884446E-005
 2.00500000E+000  2.02884446E-005
 2.01000000E+000  2.01684102E-005
 2.01000000E+000  2.01684102E-005
 2.01500000E+000  2.00301812E-005
 2.01500000E+000  2.00301812E-005
 2.02000000E+000  1.98747394E-005
 2.02000000E+000  1.98747394E-005
 2.02500000E+000  1.97030527E-005
 2.02500000E+000  1.97030527E-005
 2.03000000E+000  1.95160738E-005
 2.03000000E+000  1.95160738E-005
 2.03500000E+000  1.93147393E-005
 2.03500000E+000  1.93147393E-005
 2.04000000E+000  1.90999683E-005
 2.04000000E+000  1.90999683E-005
 2.04500000E+000  1.88726617E-005
 2.04500000E+000  1.88726617E-005
 2.05000000E+000  1.86337010E-005
 2.05000000E+000  1.86337010E-005
 2.05500000E+000  1.83839478E-005
 2.05500000E+000  1.83839478E-005
 2.06000000E+000  1.81242429E-005
 2.06000000E+000  1.81242429E-005
 2.06500000E+000  1.78554057E-005
 2.06500000E+000  1.78554057E-005
 2.07000000E+000  1.75782338E-005
 2.07000000E+000  1.75782338E-005
 2.07500000E+000  1.72935023E-005
 2.07500000E+000  1.72935023E-005
 2.08000000E+000  1.70019634E-005
 2.08000000E+000  1.70019634E-005
 2.08500000E+000  1.67043463E-005
 2.08500000E+000  1.67043463E-005
 2.09000000E+000  1.64013567E-005
 2.09000000E+000  1.64013567E-005
 2.09500000E+000  1.60936766E-005
 2.09500000E+000  1.60936766E-005
 2.10000000E+000  1.57819644E-005
 2.10000000E+000  1.57819644E-005
 2.10500000E+000  1.54668545E-005
 2.10500000E+000  1.54668545E-005
 2.11000000E+000  1.51489573E-005
 2.11000000E+000  1.51489573E-005
 2.11500000E+000  1.48288595E-005
 2.11500000E+000  1.48288595E-005
 2.12000000E+000  1.45071237E-005
 2.12000000E+000  1.45071237E-005
 2.12500000E+000  1.41842891E-005
 2.12500000E+000  1.41842891E-005
 2.13000000E+000  1.38608710E-005
 2.13000000E+000  1.38608710E-005
 2.13500000E+000  1.35373615E-005
 2.13500000E+000  1.35373615E-005
 2.14000000E+000  1.32142293E-005
 2.14000000E+000  1.32142293E-005
 2.14500000E+000  1.28919205E-005
 2.14500000E+000  1.28919205E-005
 2.15000000E+000  1.25708584E-005
 2.15000000E+000  1.25708584E-005
 2.15500000E+000  1.22514439E-005
 2.15500000E+000  1.22514439E-005
 2.16000000E+000  1.19340563E-005
 2.16000000E+000  1.19340563E-005
 2.16500000E+000  1.16190529E-005
 2.16500000E+000  1.16190529E-005
 2.17000000E+000  1.13067702E-005
 2.17000000E+000  1.13067702E-005
 2.17500000E+000  1.09975239E-005
 2.17500000E+000  1.09975239E-005
 2.18000000E+000  1.06916091E-005
 2.18000000E+000  1.06916091E-005
 2.18500000E+000  1.03893016E-005
 2.18500000E+000  1.03893016E-005
 2.19000000E+000  1.00908573E-005
 2.19000000E+000  1.00908573E-005
 2.19500000E+000  9.79651366E-006
 2.19500000E+000  9.79651366E-006
 2.20000000E+000  9.50648946E-006
 2.20000000E+000  9.50648946E-006
 2.20500000E+000  9.22098580E-006
 2.20500000E+000  9.22098580E-006
 2.21000000E+000  8.94018638E-006
 2.21000000E+000  8.94018638E-006
 2.21500000E+000  8.66425810E-006
 2.21500000E+000  8.66425810E-006
 2.22000000E+000  8.39335160E-006
 2.22000000E+000  8.39335160E-006
 2.22500000E+000  8.12760175E-006
 2.22500000E+000  8.12760175E-006
 2.23000000E+000  7.86712826E-006
 2.23000000E+000  7.86712826E-006
 2.23500000E+000  7.61203616E-006
 2.23500000E+000  7.61203616E-006
 2.24000000E+000  7.36241637E-006
 2.24000000E+000  7.36241637E-006
 2.24500000E+000  7.11834624E-006
 2.24500000E+000  7.11834624E-006
 2.25000000E+000  6.87989010E-006
 2.25000000E+000  6.87989010E-006
 2.25500000E+000  6.64709979E-006
 2.25500000E+000  6.64709979E-006
 2.26000000E+000  6.42001518E-006
 2.26000000E+000  6.42001518E-006
 2.26500000E+000  6.19866473E-006
 2.26500000E+000  6.19866473E-006
 2.27000000E+000  5.98306598E-006
 2.27000000E+000  5.98306598E-006
 2.27500000E+000  5.77322611E-006
 2.27500000E+000  5.77322611E-006
 2.28000000E+000  5.56914242E-006
 2.28000000E+000  5.56914242E-006
 2.28500000E+000  5.37080284E-006
 2.28500000E+000  5.37080284E-006
 2.29000000E+000  5.17818645E-006
 2.29000000E+000  5.17818645E-006
 2.29500000E+000  4.99126392E-006
 2.29500000E+000  4.99126392E-006
 2.30000000E+000  4.80999805E-006
 2.30000000E+000  4.80999805E-006
 2.30500000E+000  4.63434419E-006
 2.30500000E+000  4.63434419E-006
 2.31000000E+000  4.46425072E-006
 2.31000000E+000  4.46425072E-006
 2.31500000E+000  4.29965950E-006
 2.31500000E+000  4.29965950E-006
 2.32000000E+000  4.14050630E-006
 2.32000000E+000  4.14050630E-006
 2.32500000E+000  3.98672123E-006
 2.32500000E+000  3.98672123E-006
 2.33000000E+000  3.83822917E-006
 2.33000000E+000  3.83822917E-006
 2.33500000E+000  3.69495014E-006
 2.33500000E+000  3.69495014E-006
 2.34000000E+000  3.55679972E-006
 2.34000000E+000  3.55679972E-006
 2.34500000E+000  3.42368945E-006
 2.34500000E+000  3.42368945E-006
 2.35000000E+000  3.29552713E-006
 2.35000000E+000  3.29552713E-006
 2.35500000E+000  3.17221725E-006
 2.35500000E+000  3.17221725E-006
 2.36000000E+000  3.05366129E-006
 2.36000000E+000  3.05366129E-006
 2.36500000E+000  2.93975808E-006
 2.36500000E+000  2.93975808E-006
 2.37000000E+000  2.83040408E-006
 2.37000000E+000  2.83040408E-006
 2.37500000E+000  2.72549373E-006
 2.37500000E+000  2.72549373E-006
 2.38000000E+000  2.62491972E-006
 2.38000000E+000  2.62491972E-006
 2.38500000E+000  2.52857330E-006
 2.38500000E+000  2.52857330E-006
 2.39000000E+000  2.43634451E-006
 2.39000000E+000  2.43634451E-006
 2.39500000E+000  2.34812247E-006
 2.39500000E+000  2.34812247E-006
 2.40000000E+000  2.26379562E-006
 2.40000000E+000  2.26379562E-006
 2.40500000E+000  2.18325197E-006
 2.40500000E+000  2.18325197E-006
 2.41000000E+000  2.10637929E-006
 2.41000000E+000  2.10637929E-006
 2.41500000E+000  2.03306535E-006
 2.41500000E+000  2.03306535E-006
 2.42000000E+000  1.96319811E-006
 2.42000000E+000  1.96319811E-006
 2.42500000E+000  1.89666594E-006
 2.42500000E+000  1.89666594E-006
 2.43000000E+000  1.83335776E-006
 2.43000000E+000  1.83335776E-006
 2.43500000E+000  1.77316321E-006
 2.43500000E+000  1.77316321E-006
 2.44000000E+000  1.71597287E-006
 2.44000000E+000  1.71597287E-006
 2.44500000E+000  1.66167831E-006
 2.44500000E+000  1.66167831E-006
 2.45000000E+000  1.61017234E-006
 2.45000000E+000  1.61017234E-006
 2.45500000E+000  1.56134905E-006
 2.45500000E+000  1.56134905E-006
 2.46000000E+000  1.51510398E-006
 2.46000000E+000  1.51510398E-006
 2.46500000E+000  1.47133421E-006
 2.46500000E+000  1.47133421E-006
 2.47000000E+000  1.42993848E-006
 2.47000000E+000  1.42993848E-006
 2.47500000E+000  1.39081726E-006
 2.47500000E+000  1.39081726E-006
 2.48000000E+000  1.35387287E-006
 2.48000000E+000  1.35387287E-006
 2.48500000E+000  1.31900952E-006
 2.48500000E+000  1.31900952E-006
 2.49000000E+000  1.28613341E-006
 2.49000000E+000  1.28613341E-006
 2.49500000E+000  1.25515279E-006
 2.49500000E+000  1.25515279E-006
 2.50000000E+000  1.22597798E-006
 2.50000000E+000  1.22597798E-006
 2.50500000E+000  1.19852146E-006
 2.50500000E+000  1.19852146E-006
 2.51000000E+000  1.17269792E-006
 2.51000000E+000  1.17269792E-006
 2.51500000E+000  1.14842425E-006
 2.51500000E+000  1.14842425E-006
 2.52000000E+000  1.12561958E-006
 2.52000000E+000  1.12561958E-006
 2.52500000E+000  1.10420536E-006
 2.52500000E+000  1.10420536E-006
 2.53000000E+000  1.08410529E-006
 2.53000000E+000  1.08410529E-006
 2.53500000E+000  1.06524542E-006
 2.53500000E+000  1.06524542E-006
 2.54000000E+000  1.04755408E-006
 2.54000000E+000  1.04755408E-006
 2.54500000E+000  1.03096195E-006
 2.54500000E+000  1.03096195E-006
 2.55000000E+000  1.01540201E-006
 2.55000000E+000  1.01540201E-006
 2.55500000E+000  1.00080955E-006
 2.55500000E+000  1.00080955E-006
 2.56000000E+000  9.87122184E-007
 2.56000000E+000  9.87122184E-007
 2.56500000E+000  9.74279791E-007
 2.56500000E+000  9.74279791E-007
 2.57000000E+000  9.62224537E-007
 2.57000000E+000  9.62224537E-007
 2.57500000E+000  9.50900834E-007
 2.57500000E+000  9.50900834E-007
 2.58000000E+000  9.40255325E-007
 2.58000000E+000  9.40255325E-007
 2.58500000E+000  9.30236850E-007
 2.58500000E+000  9.30236850E-007
 2.59000000E+000  9.20796424E-007
 2.59000000E+000  9.20796424E-007
 2.59500000E+000  9.11887200E-007
 2.59500000E+000  9.11887200E-007
 2.60000000E+000  9.03464439E-007
 2.60000000E+000  9.03464439E-007
 2.60500000E+000  8.95485470E-007
 2.60500000E+000  8.95485470E-007
 2.61000000E+000  8.87909653E-007
 2.61000000E+000  8.87909653E-007
 2.61500000E+000  8.80698338E-007
 2.61500000E+000  8.80698338E-007
 2.62000000E+000  8.73814827E-007
 2.62000000E+000  8.73814827E-007
 2.62500000E+000  8.67224325E-007
 2.62500000E+000  8.67224325E-007
 2.63000000E+000  8.60893903E-007
 2.63000000E+000  8.60893903E-007
 2.63500000E+000  8.54792444E-007
 2.63500000E+000  8.54792444E-007
 2.64000000E+000  8.48890604E-007
 2.64000000E+000  8.48890604E-007
 2.64500000E+000  8.43160760E-007
 2.64500000E+000  8.43160760E-007
 2.65000000E+000  8.37576965E-007
 2.65000000E+000  8.37576965E-007
 2.65500000E+000  8.32114897E-007
 2.65500000E+000  8.32114897E-007
 2.66000000E+000  8.26751812E-007
 2.66000000E+000  8.26751812E-007
 2.66500000E+000  8.21466492E-007
 2.66500000E+000  8.21466492E-007
 2.67000000E+000  8.16239199E-007
 2.67000000E+000  8.16239199E-007
 2.67500000E+000  8.11051625E-007
 2.67500000E+000  8.11051625E-007
 2.68000000E+000  8.05886837E-007
 2.68000000E+000  8.05886837E-007
 2.68500000E+000  8.00729235E-007
 2.68500000E+000  8.00729235E-007
 2.69000000E+000  7.95564498E-007
 2.69000000E+000  7.95564498E-007
 2.69500000E+000  7.90379536E-007
 2.69500000E+000  7.90379536E-007
 2.70000000E+000  7.85162444E-007
 2.70000000E+000  7.85162444E-007
 2.70500000E+000  7.79902446E-007
 2.70500000E+000  7.79902446E-007
 2.71000000E+000  7.74589858E-007
 2.71000000E+000  7.74589858E-007
 2.71500000E+000  7.69216032E-007
 2.71500000E+000  7.69216032E-007
 2.72000000E+000  7.63773313E-007
 2.72000000E+000  7.63773313E-007
 2.72500000E+000  7.58254994E-007
 2.72500000E+000  7.58254994E-007
 2.73000000E+000  7.52655268E-007
 2.73000000E+000  7.52655268E-007
 2.73500000E+000  7.46969188E-007
 2.73500000E+000  7.46969188E-007
 2.74000000E+000  7.41192617E-007
 2.74000000E+000  7.41192617E-007
 2.74500000E+000  7.35322192E-007
 2.74500000E+000  7.35322192E-007
 2.75000000E+000  7.29355277E-007
 2.75000000E+000  7.29355277E-007
 2.75500000E+000  7.23289927E-007
 2.75500000E+000  7.23289927E-007
 2.76000000E+000  7.17124842E-007
 2.76000000E+000  7.17124842E-007
 2.76500000E+000  7.10859336E-007
 2.76500000E+000  7.10859336E-007
 2.77000000E+000  7.04493290E-007
 2.77000000E+000  7.04493290E-007
 2.77500000E+000  6.98027123E-007
 2.77500000E+000  6.98027123E-007
 2.78000000E+000  6.91461751E-007
 2.78000000E+000  6.91461751E-007
 2.78500000E+000  6.84798558E-007
 2.78500000E+000  6.84798558E-007
 2.79000000E+000  6.78039353E-007
 2.79000000E+000  6.78039353E-007
 2.79500000E+000  6.71186347E-007
 2.79500000E+000  6.71186347E-007
 2.80000000E+000  6.64242116E-007
 2.80000000E+000  6.64242116E-007
 2.80500000E+000  6.57209573E-007
 2.80500000E+000  6.57209573E-007
 2.81000000E+000  6.50091935E-007
 2.81000000E+000  6.50091935E-007
 2.81500000E+000  6.42892700E-007
 2.81500000E+000  6.42892700E-007
 2.82000000E+000  6.35615617E-007
 2.82000000E+000  6.35615617E-007
 2.82500000E+000  6.28264657E-007
 2.82500000E+000  6.28264657E-007
 2.83000000E+000  6.20843993E-007
 2.83000000E+000  6.20843993E-007
 2.83500000E+000  6.13357974E-007
 2.83500000E+000  6.13357974E-007
 2.84000000E+000  6.05811102E-007
 2.84000000E+000  6.05811102E-007
 2.84500000E+000  5.98208007E-007
 2.84500000E+000  5.98208007E-007
 2.85000000E+000  5.90553432E-007
 2.85000000E+000  5.90553432E-007
 2.85500000E+000  5.82852209E-007
 2.85500000E+000  5.82852209E-007
 2.86000000E+000  5.75109241E-007
 2.86000000E+000  5.75109241E-007
 2.86500000E+000  5.67329482E-007
 2.86500000E+000  5.67329482E-007
 2.87000000E+000  5.59517925E-007
 2.87000000E+000  5.59517925E-007
 2.87500000E+000  5.51679581E-007
 2.87500000E+000  5.51679581E-007
 2.88000000E+000  5.43819466E-007
 2.88000000E+000  5.43819466E-007
 2.88500000E+000  5.35942586E-007
 2.88500000E+000  5.35942586E-007
 2.89000000E+000  5.28053925E-007
 2.89000000E+000  5.28053925E-007
 2.89500000E+000  5.20158429E-007
 2.89500000E+000  5.20158429E-007
 2.90000000E+000  5.12261000E-007
 2.90000000E+000  5.12261000E-007
 2.90500000E+000  5.04366478E-007
 2.90500000E+000  5.04366478E-007
 2.91000000E+000  4.96479636E-007
 2.91000000E+000  4.96479636E-007
 2.91500000E+000  4.88605169E-007
 2.91500000E+000  4.88605169E-007
 2.92000000E+000  4.80747685E-007
 2.92000000E+000  4.80747685E-007
 2.92500000E+000  4.72911697E-007
 2.92500000E+000  4.72911697E-007
 2.93000000E+000  4.65101617E-007
 2.93000000E+000  4.65101617E-007
 2.93500000E+000  4.57321747E-007
 2.93500000E+000  4.57321747E-007
 2.94000000E+000  4.49576274E-007
 2.94000000E+000  4.49576274E-007
 2.94500000E+000  4.41869268E-007
 2.94500000E+000  4.41869268E-007
 2.95000000E+000  4.34204670E-007
 2.95000000E+000  4.34204670E-007
 2.95500000E+000  4.26586295E-007
 2.95500000E+000  4.26586295E-007
 2.96000000E+000  4.19017824E-007
 2.96000000E+000  4.19017824E-007
 2.96500000E+000  4.11502802E-007
 2.96500000E+000  4.11502802E-007
 2.97000000E+000  4.04044635E-007
 2.97000000E+000  4.04044635E-007
 2.97500000E+000  3.96646591E-007
 2.97500000E+000  3.96646591E-007
 2.98000000E+000  3.89311792E-007
 2.98000000E+000  3.89311792E-007
 2.98500000E+000  3.82043219E-007
 2.98500000E+000  3.82043219E-007
 2.99000000E+000  3.74843705E-007
 2.99000000E+000  3.74843705E-007
 2.99500000E+000  3.67715941E-007
 2.99500000E+000  3.67715941E-007
 3.00000000E+000  3.60662471E-007
 3.00000000E+000  3.60662471E-007
 3.00500000E+000  3.53685694E-007
 3.00500000E+000  3.53685694E-007
 3.01000000E+000  3.46787866E-007
 3.01000000E+000  3.46787866E-007
 3.01500000E+000  3.39971097E-007
 3.01500000E+000  3.39971097E-007
 3.02000000E+000  3.33237355E-007
 3.02000000E+000  3.33237355E-007
 3.02500000E+000  3.26588468E-007
 3.02500000E+000  3.26588468E-007
 3.03000000E+000  3.20026122E-007
 3.03000000E+000  3.20026122E-007
 3.03500000E+000  3.13551868E-007
 3.03500000E+000  3.13551868E-007
 3.04000000E+000  3.07167119E-007
 3.04000000E+000  3.07167119E-007
 3.04500000E+000  3.00873156E-007
 3.04500000E+000  3.00873156E-007
 3.05000000E+000  2.94671128E-007
 3.05000000E+000  2.94671128E-007
 3.05500000E+000  2.88562058E-007
 3.05500000E+000  2.88562058E-007
 3.06000000E+000  2.82546841E-007
 3.06000000E+000  2.82546841E-007
 3.06500000E+000  2.76626250E-007
 3.06500000E+000  2.76626250E-007
 3.07000000E+000  2.70800940E-007
 3.07000000E+000  2.70800940E-007
 3.07500000E+000  2.65071448E-007
 3.07500000E+000  2.65071448E-007
 3.08000000E+000  2.59438199E-007
 3.08000000E+000  2.59438199E-007
 3.08500000E+000  2.53901507E-007
 3.08500000E+000  2.53901507E-007
 3.09000000E+000  2.48461582E-007
 3.09000000E+000  2.48461582E-007
 3.09500000E+000  2.43118529E-007
 3.09500000E+000  2.43118529E-007
 3.10000000E+000  2.37872354E-007
 3.10000000E+000  2.37872354E-007
 3.10500000E+000  2.32722968E-007
 3.10500000E+000  2.32722968E-007
 3.11000000E+000  2.27670190E-007
 3.11000000E+000  2.27670190E-007
 3.11500000E+000  2.22713750E-007
 3.11500000E+000  2.22713750E-007
 3.12000000E+000  2.17853292E-007
 3.12000000E+000  2.17853292E-007
 3.12500000E+000  2.13088381E-007
 3.12500000E+000  2.13088381E-007
 3.13000000E+000  2.08418504E-007
 3.13000000E+000  2.08418504E-007
 3.13500000E+000  2.03843072E-007
 3.13500000E+000  2.03843072E-007
 3.14000000E+000  1.99361427E-007
 3.14000000E+000  1.99361427E-007
 3.14500000E+000  1.94972845E-007
 3.14500000E+000  1.94972845E-007
 3.15000000E+000  1.90676537E-007
 3.15000000E+000  1.90676537E-007
 3.15500000E+000  1.86471655E-007
 3.15500000E+000  1.86471655E-007
 3.16000000E+000  1.82357295E-007
 3.16000000E+000  1.82357295E-007
 3.16500000E+000  1.78332500E-007
 3.16500000E+000  1.78332500E-007
 3.17000000E+000  1.74396263E-007
 3.17000000E+000  1.74396263E-007
 3.17500000E+000  1.70547530E-007
 3.17500000E+000  1.70547530E-007
 3.18000000E+000  1.66785206E-007
 3.18000000E+000  1.66785206E-007
 3.18500000E+000  1.63108155E-007
 3.18500000E+000  1.63108155E-007
 3.19000000E+000  1.59515203E-007
 3.19000000E+000  1.59515203E-007
 3.19500000E+000  1.56005145E-007
 3.19500000E+000  1.56005145E-007
 3.20000000E+000  1.52576743E-007
 3.20000000E+000  1.52576743E-007
 3.20500000E+000  1.49228732E-007
 3.20500000E+000  1.49228732E-007
 3.21000000E+000  1.45959823E-007
 3.21000000E+000  1.45959823E-007
 3.21500000E+000  1.42768702E-007
 3.21500000E+000  1.42768702E-007
 3.22000000E+000  1.39654037E-007
 3.22000000E+000  1.39654037E-007
 3.22500000E+000  1.36614479E-007
 3.22500000E+000  1.36614479E-007
 3.23000000E+000  1.33648664E-007
 3.23000000E+000  1.33648664E-007
 3.23500000E+000  1.30755216E-007
 3.23500000E+000  1.30755216E-007
 3.24000000E+000  1.27932749E-007
 3.24000000E+000  1.27932749E-007
 3.24500000E+000  1.25179868E-007
 3.24500000E+000  1.25179868E-007
 3.25000000E+000  1.22495174E-007
 3.25000000E+000  1.22495174E-007
 3.25500000E+000  1.19877265E-007
 3.25500000E+000  1.19877265E-007
 3.26000000E+000  1.17324734E-007
 3.26000000E+000  1.17324734E-007
 3.26500000E+000  1.14836178E-007
 3.26500000E+000  1.14836178E-007
 3.27000000E+000  1.12410195E-007
 3.27000000E+000  1.12410195E-007
 3.27500000E+000  1.10045386E-007
 3.27500000E+000  1.10045386E-007
 3.28000000E+000  1.07740359E-007
 3.28000000E+000  1.07740359E-007
 3.28500000E+000  1.05493726E-007
 3.28500000E+000  1.05493726E-007
 3.29000000E+000  1.03304110E-007
 3.29000000E+000  1.03304110E-007
 3.29500000E+000  1.01170145E-007
 3.29500000E+000  1.01170145E-007
 3.30000000E+000  9.90904723E-008
 3.30000000E+000  9.90904723E-008
 3.30500000E+000  9.70637487E-008
 3.30500000E+000  9.70637487E-008
 3.31000000E+000  9.50886432E-008
 3.31000000E+000  9.50886432E-008
 3.31500000E+000  9.31638399E-008
 3.31500000E+000  9.31638399E-008
 3.32000000E+000  9.12880383E-008
 3.32000000E+000  9.12880383E-008
 3.32500000E+000  8.94599546E-008
 3.32500000E+000  8.94599546E-008
 3.33000000E+000  8.76783223E-008
 3.33000000E+000  8.76783223E-008
 3.33500000E+000  8.59418932E-008
 3.33500000E+000  8.59418932E-008
 3.34000000E+000  8.42494381E-008
 3.34000000E+000  8.42494381E-008
 3.34500000E+000  8.25997474E-008
 3.34500000E+000  8.25997474E-008
 3.35000000E+000  8.09916318E-008
 3.35000000E+000  8.09916318E-008
 3.35500000E+000  7.94239228E-008
 3.35500000E+000  7.94239228E-008
 3.36000000E+000  7.78954730E-008
 3.36000000E+000  7.78954730E-008
 3.36500000E+000  7.64051571E-008
 3.36500000E+000  7.64051571E-008
 3.37000000E+000  7.49518716E-008
 3.37000000E+000  7.49518716E-008
 3.37500000E+000  7.35345354E-008
 3.37500000E+000  7.35345354E-008
 3.38000000E+000  7.21520905E-008
 3.38000000E+000  7.21520905E-008
 3.38500000E+000  7.08035014E-008
 3.38500000E+000  7.08035014E-008
 3.39000000E+000  6.94877560E-008
 3.39000000E+000  6.94877560E-008
 3.39500000E+000  6.82038653E-008
 3.39500000E+000  6.82038653E-008
 3.40000000E+000  6.69508638E-008
 3.40000000E+000  6.69508638E-008
 3.40500000E+000  6.57278093E-008
 3.40500000E+000  6.57278093E-008
 3.41000000E+000  6.45337832E-008
 3.41000000E+000  6.45337832E-008
 3.41500000E+000  6.33678900E-008
 3.41500000E+000  6.33678900E-008
 3.42000000E+000  6.22292579E-008
 3.42000000E+000  6.22292579E-008
 3.42500000E+000  6.11170381E-008
 3.42500000E+000  6.11170381E-008
 3.43000000E+000  6.00304052E-008
 3.43000000E+000  6.00304052E-008
 3.43500000E+000  5.89685566E-008
 3.43500000E+000  5.89685566E-008
 3.44000000E+000  5.79307126E-008
 3.44000000E+000  5.79307126E-008
 3.44500000E+000  5.69161161E-008
 3.44500000E+000  5.69161161E-008
 3.45000000E+000  5.59240323E-008
 3.45000000E+000  5.59240323E-008
 3.45500000E+000  5.49537487E-008
 3.45500000E+000  5.49537487E-008
 3.46000000E+000  5.40045746E-008
 3.46000000E+000  5.40045746E-008
 3.46500000E+000  5.30758408E-008
 3.46500000E+000  5.30758408E-008
 3.47000000E+000  5.21668994E-008
 3.47000000E+000  5.21668994E-008
 3.47500000E+000  5.12771235E-008
 3.47500000E+000  5.12771235E-008
 3.48000000E+000  5.04059067E-008
 3.48000000E+000  5.04059067E-008
 3.48500000E+000  4.95526628E-008
 3.48500000E+000  4.95526628E-008
 3.49000000E+000  4.87168256E-008
 3.49000000E+000  4.87168256E-008
 3.49500000E+000  4.78978483E-008
 3.49500000E+000  4.78978483E-008
 3.50000000E+000  4.70952031E-008
 3.50000000E+000  4.70952031E-008
 3.50500000E+000  4.63083810E-008
 3.50500000E+000  4.63083810E-008
 3.51000000E+000  4.55368912E-008
 3.51000000E+000  4.55368912E-008
 3.51500000E+000  4.47802609E-008
 3.51500000E+000  4.47802609E-008
 3.52000000E+000  4.40380345E-008
 3.52000000E+000  4.40380345E-008
 3.52500000E+000  4.33097736E-008
 3.52500000E+000  4.33097736E-008
 3.53000000E+000  4.25950564E-008
 3.53000000E+000  4.25950564E-008
 3.53500000E+000  4.18934770E-008
 3.53500000E+000  4.18934770E-008
 3.54000000E+000  4.12046455E-008
 3.54000000E+000  4.12046455E-008
 3.54500000E+000  4.05281871E-008
 3.54500000E+000  4.05281871E-008
 3.55000000E+000  3.98637419E-008
 3.55000000E+000  3.98637419E-008
 3.55500000E+000  3.92109644E-008
 3.55500000E+000  3.92109644E-008
 3.56000000E+000  3.85695231E-008
 3.56000000E+000  3.85695231E-008
 3.56500000E+000  3.79391000E-008
 3.56500000E+000  3.79391000E-008
 3.57000000E+000  3.73193902E-008
 3.57000000E+000  3.73193902E-008
 3.57500000E+000  3.67101015E-008
 3.57500000E+000  3.67101015E-008
 3.58000000E+000  3.61109540E-008
 3.58000000E+000  3.61109540E-008
 3.58500000E+000  3.55216795E-008
 3.58500000E+000  3.55216795E-008
 3.59000000E+000  3.49420214E-008
 3.59000000E+000  3.49420214E-008
 3.59500000E+000  3.43717339E-008
 3.59500000E+000  3.43717339E-008
 3.60000000E+000  3.38105821E-008
 3.60000000E+000  3.38105821E-008
 3.60500000E+000  3.32583412E-008
 3.60500000E+000  3.32583412E-008
 3.61000000E+000  3.27147960E-008
 3.61000000E+000  3.27147960E-008
 3.61500000E+000  3.21797410E-008
 3.61500000E+000  3.21797410E-008
 3.62000000E+000  3.16529797E-008
 3.62000000E+000  3.16529797E-008
 3.62500000E+000  3.11343244E-008
 3.62500000E+000  3.11343244E-008
 3.63000000E+000  3.06235955E-008
 3.63000000E+000  3.06235955E-008
 3.63500000E+000  3.01206215E-008
 3.63500000E+000  3.01206215E-008
 3.64000000E+000  2.96252386E-008
 3.64000000E+000  2.96252386E-008
 3.64500000E+000  2.91372901E-008
 3.64500000E+000  2.91372901E-008
 3.65000000E+000  2.86566266E-008
 3.65000000E+000  2.86566266E-008
 3.65500000E+000  2.81831050E-008
 3.65500000E+000  2.81831050E-008
 3.66000000E+000  2.77165887E-008
 3.66000000E+000  2.77165887E-008
 3.66500000E+000  2.72569471E-008
 3.66500000E+000  2.72569471E-008
 3.67000000E+000  2.68040553E-008
 3.67000000E+000  2.68040553E-008
 3.67500000E+000  2.63577940E-008
 3.67500000E+000  2.63577940E-008
 3.68000000E+000  2.59180489E-008
 3.68000000E+000  2.59180489E-008
 3.68500000E+000  2.54847106E-008
 3.68500000E+000  2.54847106E-008
 3.69000000E+000  2.50576745E-008
 3.69000000E+000  2.50576745E-008
 3.69500000E+000  2.46368401E-008
 3.69500000E+000  2.46368401E-008
 3.70000000E+000  2.42221114E-008
 3.70000000E+000  2.42221114E-008
 3.70500000E+000  2.38133961E-008
 3.70500000E+000  2.38133961E-008
 3.71000000E+000  2.34106056E-008
 3.71000000E+000  2.34106056E-008
 3.71500000E+000  2.30136549E-008
 3.71500000E+000  2.30136549E-008
 3.72000000E+000  2.26224620E-008
 3.72000000E+000  2.26224620E-008
 3.72500000E+000  2.22369482E-008
 3.72500000E+000  2.22369482E-008
 3.73000000E+000  2.18570375E-008
 3.73000000E+000  2.18570375E-008
 3.73500000E+000  2.14826568E-008
 3.73500000E+000  2.14826568E-008
 3.74000000E+000  2.11137353E-008
 3.74000000E+000  2.11137353E-008
 3.74500000E+000  2.07502046E-008
 3.74500000E+000  2.07502046E-008
 3.75000000E+000  2.03919986E-008
 3.75000000E+000  2.03919986E-008
 3.75500000E+000  2.00390530E-008
 3.75500000E+000  2.00390530E-008
 3.76000000E+000  1.96913055E-008
 3.76000000E+000  1.96913055E-008
 3.76500000E+000  1.93486955E-008
 3.76500000E+000  1.93486955E-008
 3.77000000E+000  1.90111642E-008
 3.77000000E+000  1.90111642E-008
 3.77500000E+000  1.86786540E-008
 3.77500000E+000  1.86786540E-008
 3.78000000E+000  1.83511088E-008
 3.78000000E+000  1.83511088E-008
 3.78500000E+000  1.80284737E-008
 3.78500000E+000  1.80284737E-008
 3.79000000E+000  1.77106950E-008
 3.79000000E+000  1.77106950E-008
 3.79500000E+000  1.73977201E-008
 3.79500000E+000  1.73977201E-008
 3.80000000E+000  1.70894973E-008
 3.80000000E+000  1.70894973E-008
 3.80500000E+000  1.67859756E-008
 3.80500000E+000  1.67859756E-008
 3.81000000E+000  1.64871049E-008
 3.81000000E+000  1.64871049E-008
 3.81500000E+000  1.61928361E-008
 3.81500000E+000  1.61928361E-008
 3.82000000E+000  1.59031202E-008
 3.82000000E+000  1.59031202E-008
 3.82500000E+000  1.56179092E-008
 3.82500000E+000  1.56179092E-008
 3.83000000E+000  1.53371553E-008
 3.83000000E+000  1.53371553E-008
 3.83500000E+000  1.50608115E-008
 3.83500000E+000  1.50608115E-008
 3.84000000E+000  1.47888307E-008
 3.84000000E+000  1.47888307E-008
 3.84500000E+000  1.45211667E-008
 3.84500000E+000  1.45211667E-008
 3.85000000E+000  1.42577731E-008
 3.85000000E+000  1.42577731E-008
 3.85500000E+000  1.39986042E-008
 3.85500000E+000  1.39986042E-008
 3.86000000E+000  1.37436142E-008
 3.86000000E+000  1.37436142E-008
 3.86500000E+000  1.34927577E-008
 3.86500000E+000  1.34927577E-008
 3.87000000E+000  1.32459893E-008
 3.87000000E+000  1.32459893E-008
 3.87500000E+000  1.30032638E-008
 3.87500000E+000  1.30032638E-008
 3.88000000E+000  1.27645362E-008
 3.88000000E+000  1.27645362E-008
 3.88500000E+000  1.25297615E-008
 3.88500000E+000  1.25297615E-008
 3.89000000E+000  1.22988948E-008
 3.89000000E+000  1.22988948E-008
 3.89500000E+000  1.20718913E-008
 3.89500000E+000  1.20718913E-008
 3.90000000E+000  1.18487061E-008
 3.90000000E+000  1.18487061E-008
 3.90500000E+000  1.16292946E-008
 3.90500000E+000  1.16292946E-008
 3.91000000E+000  1.14136119E-008
 3.91000000E+000  1.14136119E-008
 3.91500000E+000  1.12016135E-008
 3.91500000E+000  1.12016135E-008
 3.92000000E+000  1.09932546E-008
 3.92000000E+000  1.09932546E-008
 3.92500000E+000  1.07884906E-008
 3.92500000E+000  1.07884906E-008
 3.93000000E+000  1.05872768E-008
 3.93000000E+000  1.05872768E-008
 3.93500000E+000  1.03895687E-008
 3.93500000E+000  1.03895687E-008
 3.94000000E+000  1.01953217E-008
 3.94000000E+000  1.01953217E-008
 3.94500000E+000  1.00044912E-008
 3.94500000E+000  1.00044912E-008
 3.95000000E+000  9.81703274E-009
 3.95000000E+000  9.81703274E-009
 3.95500000E+000  9.63290178E-009
 3.95500000E+000  9.63290178E-009
 3.96000000E+000  9.45205390E-009
 3.96000000E+000  9.45205390E-009
 3.96500000E+000  9.27444475E-009
 3.96500000E+000  9.27444475E-009
 3.97000000E+000  9.10003001E-009
 3.97000000E+000  9.10003001E-009
 3.97500000E+000  8.92876545E-009
 3.97500000E+000  8.92876545E-009
 3.98000000E+000  8.76060693E-009
 3.98000000E+000  8.76060693E-009
 3.98500000E+000  8.59551040E-009
 3.98500000E+000  8.59551040E-009
 3.99000000E+000  8.43343192E-009
 3.99000000E+000  8.43343192E-009
 3.99500000E+000  8.27432769E-009
 3.99500000E+000  8.27432769E-009
 4.00000000E+000  8.11815401E-009
 4.00000000E+000  8.11815401E-009
 4.00500000E+000  7.96486736E-009
 4.00500000E+000  7.96486736E-009
 4.01000000E+000  7.81442438E-009
 4.01000000E+000  7.81442438E-009
 4.01500000E+000  7.66678185E-009
 4.01500000E+000  7.66678185E-009
 4.02000000E+000  7.52189678E-009
 4.02000000E+000  7.52189678E-009
 4.02500000E+000  7.37972634E-009
 4.02500000E+000  7.37972634E-009
 4.03000000E+000  7.24022796E-009
 4.03000000E+000  7.24022796E-009
 4.03500000E+000  7.10335926E-009
 4.03500000E+000  7.10335926E-009
 4.04000000E+000  6.96907811E-009
 4.04000000E+000  6.96907811E-009
 4.04500000E+000  6.83734264E-009
 4.04500000E+000  6.83734264E-009
 4.05000000E+000  6.70811124E-009
 4.05000000E+000  6.70811124E-009
 4.05500000E+000  6.58134260E-009
 4.05500000E+000  6.58134260E-009
 4.06000000E+000  6.45699566E-009
 4.06000000E+000  6.45699566E-009
 4.06500000E+000  6.33502971E-009
 4.06500000E+000  6.33502971E-009
 4.07000000E+000  6.21540433E-009
 4.07000000E+000  6.21540433E-009
 4.07500000E+000  6.09807944E-009
 4.07500000E+000  6.09807944E-009
 4.08000000E+000  5.98301528E-009
 4.08000000E+000  5.98301528E-009
 4.08500000E+000  5.87017247E-009
 4.08500000E+000  5.87017247E-009
 4.09000000E+000  5.75951196E-009
 4.09000000E+000  5.75951196E-009
 4.09500000E+000  5.65099509E-009
 4.09500000E+000  5.65099509E-009
 4.10000000E+000  5.54458358E-009
 4.10000000E+000  5.54458358E-009
 4.10500000E+000  5.44023953E-009
 4.10500000E+000  5.44023953E-009
 4.11000000E+000  5.33792545E-009
 4.11000000E+000  5.33792545E-009
 4.11500000E+000  5.23760425E-009
 4.11500000E+000  5.23760425E-009
 4.12000000E+000  5.13923926E-009
 4.12000000E+000  5.13923926E-009
 4.12500000E+000  5.04279422E-009
 4.12500000E+000  5.04279422E-009
 4.13000000E+000  4.94823331E-009
 4.13000000E+000  4.94823331E-009
 4.13500000E+000  4.85552115E-009
 4.13500000E+000  4.85552115E-009
 4.14000000E+000  4.76462280E-009
 4.14000000E+000  4.76462280E-009
 4.14500000E+000  4.67550375E-009
 4.14500000E+000  4.67550375E-009
 4.15000000E+000  4.58812998E-009
 4.15000000E+000  4.58812998E-009
 4.15500000E+000  4.50246789E-009
 4.15500000E+000  4.50246789E-009
 4.16000000E+000  4.41848436E-009
 4.16000000E+000  4.41848436E-009
 4.16500000E+000  4.33614673E-009
 4.16500000E+000  4.33614673E-009
 4.17000000E+000  4.25542282E-009
 4.17000000E+000  4.25542282E-009
 4.17500000E+000  4.17628090E-009
 4.17500000E+000  4.17628090E-009
 4.18000000E+000  4.09868974E-009
 4.18000000E+000  4.09868974E-009
 4.18500000E+000  4.02261857E-009
 4.18500000E+000  4.02261857E-009
 4.19000000E+000  3.94803710E-009
 4.19000000E+000  3.94803710E-009
 4.19500000E+000  3.87491552E-009
 4.19500000E+000  3.87491552E-009
 4.20000000E+000  3.80322450E-009
 4.20000000E+000  3.80322450E-009
 4.20500000E+000  3.73293519E-009
 4.20500000E+000  3.73293519E-009
 4.21000000E+000  3.66401921E-009
 4.21000000E+000  3.66401921E-009
 4.21500000E+000  3.59644868E-009
 4.21500000E+000  3.59644868E-009
 4.22000000E+000  3.53019618E-009
 4.22000000E+000  3.53019618E-009
 4.22500000E+000  3.46523476E-009
 4.22500000E+000  3.46523476E-009
 4.23000000E+000  3.40153798E-009
 4.23000000E+000  3.40153798E-009
 4.23500000E+000  3.33907985E-009
 4.23500000E+000  3.33907985E-009
 4.24000000E+000  3.27783484E-009
 4.24000000E+000  3.27783484E-009
 4.24500000E+000  3.21777791E-009
 4.24500000E+000  3.21777791E-009
 4.25000000E+000  3.15888448E-009
 4.25000000E+000  3.15888448E-009
 4.25500000E+000  3.10113043E-009
 4.25500000E+000  3.10113043E-009
 4.26000000E+000  3.04449211E-009
 4.26000000E+000  3.04449211E-009
 4.26500000E+000  2.98894631E-009
 4.26500000E+000  2.98894631E-009
 4.27000000E+000  2.93447028E-009
 4.27000000E+000  2.93447028E-009
 4.27500000E+000  2.88104172E-009
 4.27500000E+000  2.88104172E-009
 4.28000000E+000  2.82863878E-009
 4.28000000E+000  2.82863878E-009
 4.28500000E+000  2.77724004E-009
 4.28500000E+000  2.77724004E-009
 4.29000000E+000  2.72682452E-009
 4.29000000E+000  2.72682452E-009
 4.29500000E+000  2.67737165E-009
 4.29500000E+000  2.67737165E-009
 4.30000000E+000  2.62886133E-009
 4.30000000E+000  2.62886133E-009
 4.30500000E+000  2.58127383E-009
 4.30500000E+000  2.58127383E-009
 4.31000000E+000  2.53458986E-009
 4.31000000E+000  2.53458986E-009
 4.31500000E+000  2.48879055E-009
 4.31500000E+000  2.48879055E-009
 4.32000000E+000  2.44385740E-009
 4.32000000E+000  2.44385740E-009
 4.32500000E+000  2.39977233E-009
 4.32500000E+000  2.39977233E-009
 4.33000000E+000  2.35651765E-009
 4.33000000E+000  2.35651765E-009
 4.33500000E+000  2.31407605E-009
 4.33500000E+000  2.31407605E-009
 4.34000000E+000  2.27243060E-009
 4.34000000E+000  2.27243060E-009
 4.34500000E+000  2.23156475E-009
 4.34500000E+000  2.23156475E-009
 4.35000000E+000  2.19146232E-009
 4.35000000E+000  2.19146232E-009
 4.35500000E+000  2.15210746E-009
 4.35500000E+000  2.15210746E-009
 4.36000000E+000  2.11348472E-009
 4.36000000E+000  2.11348472E-009
 4.36500000E+000  2.07557897E-009
 4.36500000E+000  2.07557897E-009
 4.37000000E+000  2.03837543E-009
 4.37000000E+000  2.03837543E-009
 4.37500000E+000  2.00185964E-009
 4.37500000E+000  2.00185964E-009
 4.38000000E+000  1.96601751E-009
 4.38000000E+000  1.96601751E-009
 4.38500000E+000  1.93083523E-009
 4.38500000E+000  1.93083523E-009
 4.39000000E+000  1.89629933E-009
 4.39000000E+000  1.89629933E-009
 4.39500000E+000  1.86239664E-009
 4.39500000E+000  1.86239664E-009
 4.40000000E+000  1.82911429E-009
 4.40000000E+000  1.82911429E-009
 4.40500000E+000  1.79643974E-009
 4.40500000E+000  1.79643974E-009
 4.41000000E+000  1.76436070E-009
 4.41000000E+000  1.76436070E-009
 4.41500000E+000  1.73286518E-009
 4.41500000E+000  1.73286518E-009
 4.42000000E+000  1.70194148E-009
 4.42000000E+000  1.70194148E-009
 4.42500000E+000  1.67157816E-009
 4.42500000E+000  1.67157816E-009
 4.43000000E+000  1.64176404E-009
 4.43000000E+000  1.64176404E-009
 4.43500000E+000  1.61248823E-009
 4.43500000E+000  1.61248823E-009
 4.44000000E+000  1.58374007E-009
 4.44000000E+000  1.58374007E-009
 4.44500000E+000  1.55550915E-009
 4.44500000E+000  1.55550915E-009
 4.45000000E+000  1.52778531E-009
 4.45000000E+000  1.52778531E-009
 4.45500000E+000  1.50055863E-009
 4.45500000E+000  1.50055863E-009
 4.46000000E+000  1.47381940E-009
 4.46000000E+000  1.47381940E-009
 4.46500000E+000  1.44755817E-009
 4.46500000E+000  1.44755817E-009
 4.47000000E+000  1.42176567E-009
 4.47000000E+000  1.42176567E-009
 4.47500000E+000  1.39643289E-009
 4.47500000E+000  1.39643289E-009
 4.48000000E+000  1.37155099E-009
 4.48000000E+000  1.37155099E-009
 4.48500000E+000  1.34711135E-009
 4.48500000E+000  1.34711135E-009
 4.49000000E+000  1.32310555E-009
 4.49000000E+000  1.32310555E-009
 4.49500000E+000  1.29952536E-009
 4.49500000E+000  1.29952536E-009
 4.50000000E+000  1.27636275E-009
 4.50000000E+000  1.27636275E-009
 4.50500000E+000  1.25360986E-009
 4.50500000E+000  1.25360986E-009
 4.51000000E+000  1.23125901E-009
 4.51000000E+000  1.23125901E-009
 4.51500000E+000  1.20930269E-009
 4.51500000E+000  1.20930269E-009
 4.52000000E+000  1.18773358E-009
 4.52000000E+000  1.18773358E-009
 4.52500000E+000  1.16654450E-009
 4.52500000E+000  1.16654450E-009
 4.53000000E+000  1.14572845E-009
 4.53000000E+000  1.14572845E-009
 4.53500000E+000  1.12527858E-009
 4.53500000E+000  1.12527858E-009
 4.54000000E+000  1.10518819E-009
 4.54000000E+000  1.10518819E-009
 4.54500000E+000  1.08545071E-009
 4.54500000E+000  1.08545071E-009
 4.55000000E+000  1.06605976E-009
 4.55000000E+000  1.06605976E-009
 4.55500000E+000  1.04700905E-009
 4.55500000E+000  1.04700905E-009
 4.56000000E+000  1.02829245E-009
 4.56000000E+000  1.02829245E-009
 4.56500000E+000  1.00990397E-009
 4.56500000E+000  1.00990397E-009
 4.57000000E+000  9.91837734E-010
 4.57000000E+000  9.91837734E-010
 4.57500000E+000  9.74087992E-010
 4.57500000E+000  9.74087992E-010
 4.58000000E+000  9.56649119E-010
 4.58000000E+000  9.56649119E-010
 4.58500000E+000  9.39515609E-010
 4.58500000E+000  9.39515609E-010
 4.59000000E+000  9.22682070E-010
 4.59000000E+000  9.22682070E-010
 4.59500000E+000  9.06143219E-010
 4.59500000E+000  9.06143219E-010
 4.60000000E+000  8.89893886E-010
 4.60000000E+000  8.89893886E-010
 4.60500000E+000  8.73929003E-010
 4.60500000E+000  8.73929003E-010
 4.61000000E+000  8.58243606E-010
 4.61000000E+000  8.58243606E-010
 4.61500000E+000  8.42832831E-010
 4.61500000E+000  8.42832831E-010
 4.62000000E+000  8.27691910E-010
 4.62000000E+000  8.27691910E-010
 4.62500000E+000  8.12816170E-010
 4.62500000E+000  8.12816170E-010
 4.63000000E+000  7.98201031E-010
 4.63000000E+000  7.98201031E-010
 4.63500000E+000  7.83842000E-010
 4.63500000E+000  7.83842000E-010
 4.64000000E+000  7.69734672E-010
 4.64000000E+000  7.69734672E-010
 4.64500000E+000  7.55874726E-010
 4.64500000E+000  7.55874726E-010
 4.65000000E+000  7.42257925E-010
 4.65000000E+000  7.42257925E-010
 4.65500000E+000  7.28880109E-010
 4.65500000E+000  7.28880109E-010
 4.66000000E+000  7.15737198E-010
 4.66000000E+000  7.15737198E-010
 4.66500000E+000  7.02825188E-010
 4.66500000E+000  7.02825188E-010
 4.67000000E+000  6.90140148E-010
 4.67000000E+000  6.90140148E-010
 4.67500000E+000  6.77678218E-010
 4.67500000E+000  6.77678218E-010
 4.68000000E+000  6.65435610E-010
 4.68000000E+000  6.65435610E-010
 4.68500000E+000  6.53408604E-010
 4.68500000E+000  6.53408604E-010
 4.69000000E+000  6.41593545E-010
 4.69000000E+000  6.41593545E-010
 4.69500000E+000  6.29986844E-010
 4.69500000E+000  6.29986844E-010
 4.70000000E+000  6.18584976E-010
 4.70000000E+000  6.18584976E-010
 4.70500000E+000  6.07384476E-010
 4.70500000E+000  6.07384476E-010
 4.71000000E+000  5.96381940E-010
 4.71000000E+000  5.96381940E-010
 4.71500000E+000  5.85574023E-010
 4.71500000E+000  5.85574023E-010
 4.72000000E+000  5.74957438E-010
 4.72000000E+000  5.74957438E-010
 4.72500000E+000  5.64528952E-010
 4.72500000E+000  5.64528952E-010
 4.73000000E+000  5.54285388E-010
 4.73000000E+000  5.54285388E-010
 4.73500000E+000  5.44223622E-010
 4.73500000E+000  5.44223622E-010
 4.74000000E+000  5.34340584E-010
 4.74000000E+000  5.34340584E-010
 4.74500000E+000  5.24633253E-010
 4.74500000E+000  5.24633253E-010
 4.75000000E+000  5.15098658E-010
 4.75000000E+000  5.15098658E-010
 4.75500000E+000  5.05733879E-010
 4.75500000E+000  5.05733879E-010
 4.76000000E+000  4.96536041E-010
 4.76000000E+000  4.96536041E-010
 4.76500000E+000  4.87502318E-010
 4.76500000E+000  4.87502318E-010
 4.77000000E+000  4.78629929E-010
 4.77000000E+000  4.78629929E-010
 4.77500000E+000  4.69916138E-010
 4.77500000E+000  4.69916138E-010
 4.78000000E+000  4.61358253E-010
 4.78000000E+000  4.61358253E-010
 4.78500000E+000  4.52953626E-010
 4.78500000E+000  4.52953626E-010
 4.79000000E+000  4.44699650E-010
 4.79000000E+000  4.44699650E-010
 4.79500000E+000  4.36593761E-010
 4.79500000E+000  4.36593761E-010
 4.80000000E+000  4.28633435E-010
 4.80000000E+000  4.28633435E-010
 4.80500000E+000  4.20816187E-010
 4.80500000E+000  4.20816187E-010
 4.81000000E+000  4.13139572E-010
 4.81000000E+000  4.13139572E-010
 4.81500000E+000  4.05601186E-010
 4.81500000E+000  4.05601186E-010
 4.82000000E+000  3.98198659E-010
 4.82000000E+000  3.98198659E-010
 4.82500000E+000  3.90929661E-010
 4.82500000E+000  3.90929661E-010
 4.83000000E+000  3.83791897E-010
 4.83000000E+000  3.83791897E-010
 4.83500000E+000  3.76783108E-010
 4.83500000E+000  3.76783108E-010
 4.84000000E+000  3.69901073E-010
 4.84000000E+000  3.69901073E-010
 4.84500000E+000  3.63143602E-010
 4.84500000E+000  3.63143602E-010
 4.85000000E+000  3.56508542E-010
 4.85000000E+000  3.56508542E-010
 4.85500000E+000  3.49993773E-010
 4.85500000E+000  3.49993773E-010
 4.86000000E+000  3.43597208E-010
 4.86000000E+000  3.43597208E-010
 4.86500000E+000  3.37316793E-010
 4.86500000E+000  3.37316793E-010
 4.87000000E+000  3.31150505E-010
 4.87000000E+000  3.31150505E-010
 4.87500000E+000  3.25096355E-010
 4.87500000E+000  3.25096355E-010
 4.88000000E+000  3.19152384E-010
 4.88000000E+000  3.19152384E-010
 4.88500000E+000  3.13316663E-010
 4.88500000E+000  3.13316663E-010
 4.89000000E+000  3.07587295E-010
 4.89000000E+000  3.07587295E-010
 4.89500000E+000  3.01962411E-010
 4.89500000E+000  3.01962411E-010
 4.90000000E+000  2.96440173E-010
 4.90000000E+000  2.96440173E-010
 4.90500000E+000  2.91018773E-010
 4.90500000E+000  2.91018773E-010
 4.91000000E+000  2.85696429E-010
 4.91000000E+000  2.85696429E-010
 4.91500000E+000  2.80471390E-010
 4.91500000E+000  2.80471390E-010
 4.92000000E+000  2.75341930E-010
 4.92000000E+000  2.75341930E-010
 4.92500000E+000  2.70306353E-010
 4.92500000E+000  2.70306353E-010
 4.93000000E+000  2.65362989E-010
 4.93000000E+000  2.65362989E-010
 4.93500000E+000  2.60510196E-010
 4.93500000E+000  2.60510196E-010
 4.94000000E+000  2.55746357E-010
 4.94000000E+000  2.55746357E-010
 4.94500000E+000  2.51069881E-010
 4.94500000E+000  2.51069881E-010
 4.95000000E+000  2.46479204E-010
 4.95000000E+000  2.46479204E-010
 4.95500000E+000  2.41972787E-010
 4.95500000E+000  2.41972787E-010
 4.96000000E+000  2.37549116E-010
 4.96000000E+000  2.37549116E-010
 4.96500000E+000  2.33206701E-010
 4.96500000E+000  2.33206701E-010
 4.97000000E+000  2.28944077E-010
 4.97000000E+000  2.28944077E-010
 4.97500000E+000  2.24759803E-010
 4.97500000E+000  2.24759803E-010
 4.98000000E+000  2.20652463E-010
 4.98000000E+000  2.20652463E-010
 4.98500000E+000  2.16620663E-010
 4.98500000E+000  2.16620663E-010
 4.99000000E+000  2.12663031E-010
 4.99000000E+000  2.12663031E-010
 4.99500000E+000  2.08778221E-010
 4.99500000E+000  2.08778221E-010
 5.00000000E+000  2.04964908E-010
