# 2 2000
 0.00000000E+000  0.00000000E+000
 5.00000000E-003  1.53757560E-004
 5.00000000E-003  1.53757560E-004
 1.00000000E-002  6.04830710E-004
 1.00000000E-002  6.04830710E-004
 1.50000000E-002  1.33865315E-003
 1.50000000E-002  1.33865315E-003
 2.00000000E-002  2.34156043E-003
 2.00000000E-002  2.34156043E-003
 2.50000000E-002  3.60070296E-003
 2.50000000E-002  3.60070296E-003
 3.00000000E-002  5.10396755E-003
 3.00000000E-002  5.10396755E-003
 3.50000000E-002  6.83990685E-003
 3.50000000E-002  6.83990685E-003
 4.00000000E-002  8.79767614E-003
 4.00000000E-002  8.79767614E-003
 4.50000000E-002  1.09669767E-002
 4.50000000E-002  1.09669767E-002
 5.00000000E-002  1.33380054E-002
 5.00000000E-002  1.33380054E-002
 5.50000000E-002  1.59014091E-002
 5.50000000E-002  1.59014091E-002
 6.00000000E-002  1.86482447E-002
 6.00000000E-002  1.86482447E-002
 6.50000000E-002  2.15699424E-002
 6.50000000E-002  2.15699424E-002
 7.00000000E-002  2.46582739E-002
 7.00000000E-002  2.46582739E-002
 7.50000000E-002  2.79053232E-002
 7.50000000E-002  2.79053232E-002
 8.00000000E-002  3.13034600E-002
 8.00000000E-002  3.13034600E-002
 8.50000000E-002  3.48453171E-002
 8.50000000E-002  3.48453171E-002
 9.00000000E-002  3.85237685E-002
 9.00000000E-002  3.85237685E-002
 9.50000000E-002  4.23319103E-002
 9.50000000E-002  4.23319103E-002
 1.00000000E-001  4.62630437E-002
 1.00000000E-001  4.62630437E-002
 1.05000000E-001  5.03106587E-002
 1.05000000E-001  5.03106587E-002
 1.10000000E-001  5.44684195E-002
 1.10000000E-001  5.44684195E-002
 1.15000000E-001  5.87301514E-002
 1.15000000E-001  5.87301514E-002
 1.20000000E-001  6.30898281E-002
 1.20000000E-001  6.30898281E-002
 1.25000000E-001  6.75415605E-002
 1.25000000E-001  6.75415605E-002
 1.30000000E-001  7.20795854E-002
 1.30000000E-001  7.20795854E-002
 1.35000000E-001  7.66982561E-002
 1.35000000E-001  7.66982561E-002
 1.40000000E-001  8.13920320E-002
 1.40000000E-001  8.13920320E-002
 1.45000000E-001  8.61554699E-002
 1.45000000E-001  8.61554699E-002
 1.50000000E-001  9.09832152E-002
 1.50000000E-001  9.09832152E-002
 1.55000000E-001  9.58699934E-002
 1.55000000E-001  9.58699934E-002
 1.60000000E-001  1.00810602E-001
 1.60000000E-001  1.00810602E-001
 1.65000000E-001  1.05799901E-001
 1.65000000E-001  1.05799901E-001
 1.70000000E-001  1.10832808E-001
 1.70000000E-001  1.10832808E-001
 1.75000000E-001  1.15904289E-001
 1.75000000E-001  1.15904289E-001
 1.80000000E-001  1.21009348E-001
 1.80000000E-001  1.21009348E-001
 1.85000000E-001  1.26143026E-001
 1.85000000E-001  1.26143026E-001
 1.90000000E-001  1.31251552E-001
 1.90000000E-001  1.31251552E-001
 1.95000000E-001  1.36235176E-001
 1.95000000E-001  1.36235176E-001
 2.00000000E-001  1.41005209E-001
 2.00000000E-001  1.41005209E-001
 2.05000000E-001  1.45490220E-001
 2.05000000E-001  1.45490220E-001
 2.10000000E-001  1.49633836E-001
 2.10000000E-001  1.49633836E-001
 2.15000000E-001  1.53392628E-001
 2.15000000E-001  1.53392628E-001
 2.20000000E-001  1.56734135E-001
 2.20000000E-001  1.56734135E-001
 2.25000000E-001  1.59635074E-001
 2.25000000E-001  1.59635074E-001
 2.30000000E-001  1.62085971E-001
 2.30000000E-001  1.62085971E-001
 2.35000000E-001  1.64099910E-001
 2.35000000E-001  1.64099910E-001
 2.40000000E-001  1.65701806E-001
 2.40000000E-001  1.65701806E-001
 2.45000000E-001  1.66914684E-001
 2.45000000E-001  1.66914684E-001
 2.50000000E-001  1.67759851E-001
 2.50000000E-001  1.67759851E-001
 2.55000000E-001  1.68257055E-001
 2.55000000E-001  1.68257055E-001
 2.60000000E-001  1.68424629E-001
 2.60000000E-001  1.68424629E-001
 2.65000000E-001  1.68279632E-001
 2.65000000E-001  1.68279632E-001
 2.70000000E-001  1.67837969E-001
 2.70000000E-001  1.67837969E-001
 2.75000000E-001  1.67114508E-001
 2.75000000E-001  1.67114508E-001
 2.80000000E-001  1.66123176E-001
 2.80000000E-001  1.66123176E-001
 2.85000000E-001  1.64877049E-001
 2.85000000E-001  1.64877049E-001
 2.90000000E-001  1.63388434E-001
 2.90000000E-001  1.63388434E-001
 2.95000000E-001  1.61668934E-001
 2.95000000E-001  1.61668934E-001
 3.00000000E-001  1.59729513E-001
 3.00000000E-001  1.59729513E-001
 3.05000000E-001  1.57580554E-001
 3.05000000E-001  1.57580554E-001
 3.10000000E-001  1.55231899E-001
 3.10000000E-001  1.55231899E-001
 3.15000000E-001  1.52692900E-001
 3.15000000E-001  1.52692900E-001
 3.20000000E-001  1.49972452E-001
 3.20000000E-001  1.49972452E-001
 3.25000000E-001  1.47079029E-001
 3.25000000E-001  1.47079029E-001
 3.30000000E-001  1.44020712E-001
 3.30000000E-001  1.44020712E-001
 3.35000000E-001  1.40805215E-001
 3.35000000E-001  1.40805215E-001
 3.40000000E-001  1.37439911E-001
 3.40000000E-001  1.37439911E-001
 3.45000000E-001  1.33931851E-001
 3.45000000E-001  1.33931851E-001
 3.50000000E-001  1.30287780E-001
 3.50000000E-001  1.30287780E-001
 3.55000000E-001  1.26514160E-001
 3.55000000E-001  1.26514160E-001
 3.60000000E-001  1.22617181E-001
 3.60000000E-001  1.22617181E-001
 3.65000000E-001  1.18602774E-001
 3.65000000E-001  1.18602774E-001
 3.70000000E-001  1.14476625E-001
 3.70000000E-001  1.14476625E-001
 3.75000000E-001  1.10244189E-001
 3.75000000E-001  1.10244189E-001
 3.80000000E-001  1.05910694E-001
 3.80000000E-001  1.05910694E-001
 3.85000000E-001  1.01481156E-001
 3.85000000E-001  1.01481156E-001
 3.90000000E-001  9.69603887E-002
 3.90000000E-001  9.69603887E-002
 3.95000000E-001  9.23530070E-002
 3.95000000E-001  9.23530070E-002
 4.00000000E-001  8.76634397E-002
 4.00000000E-001  8.76634397E-002
 4.05000000E-001  8.28959356E-002
 4.05000000E-001  8.28959356E-002
 4.10000000E-001  7.80545707E-002
 4.10000000E-001  7.80545707E-002
 4.15000000E-001  7.31432557E-002
 4.15000000E-001  7.31432557E-002
 4.20000000E-001  6.81657431E-002
 4.20000000E-001  6.81657431E-002
 4.25000000E-001  6.31256335E-002
 4.25000000E-001  6.31256335E-002
 4.30000000E-001  5.80263830E-002
 4.30000000E-001  5.80263830E-002
 4.35000000E-001  5.28713089E-002
 4.35000000E-001  5.28713089E-002
 4.40000000E-001  4.76635968E-002
 4.40000000E-001  4.76635968E-002
 4.45000000E-001  4.24063069E-002
 4.45000000E-001  4.24063069E-002
 4.50000000E-001  3.71023805E-002
 4.50000000E-001  3.71023805E-002
 4.55000000E-001  3.17546459E-002
 4.55000000E-001  3.17546459E-002
 4.60000000E-001  2.63658255E-002
 4.60000000E-001  2.63658255E-002
 4.65000000E-001  2.09385417E-002
 4.65000000E-001  2.09385417E-002
 4.70000000E-001  1.54753237E-002
 4.70000000E-001  1.54753237E-002
 4.75000000E-001  9.97861365E-003
 4.75000000E-001  9.97861365E-003
 4.80000000E-001  4.45077318E-003
 4.80000000E-001  4.45077318E-003
 4.85000000E-001 -1.10590980E-003
 4.85000000E-001 -1.10590980E-003
 4.90000000E-001 -6.68921469E-003
 4.90000000E-001 -6.68921469E-003
 4.95000000E-001 -1.22969815E-002
 4.95000000E-001 -1.22969815E-002
 5.00000000E-001 -1.79271040E-002
 5.00000000E-001 -1.79271040E-002
 5.05000000E-001 -2.35775229E-002
 5.05000000E-001 -2.35775229E-002
 5.10000000E-001 -2.92462193E-002
 5.10000000E-001 -2.92462193E-002
 5.15000000E-001 -3.49312070E-002
 5.15000000E-001 -3.49312070E-002
 5.20000000E-001 -4.06305258E-002
 5.20000000E-001 -4.06305258E-002
 5.25000000E-001 -4.63422345E-002
 5.25000000E-001 -4.63422345E-002
 5.30000000E-001 -5.20644031E-002
 5.30000000E-001 -5.20644031E-002
 5.35000000E-001 -5.77951055E-002
 5.35000000E-001 -5.77951055E-002
 5.40000000E-001 -6.35324122E-002
 5.40000000E-001 -6.35324122E-002
 5.45000000E-001 -6.92743822E-002
 5.45000000E-001 -6.92743822E-002
 5.50000000E-001 -7.50190558E-002
 5.50000000E-001 -7.50190558E-002
 5.55000000E-001 -8.07644461E-002
 5.55000000E-001 -8.07644461E-002
 5.60000000E-001 -8.65079682E-002
 5.60000000E-001 -8.65079682E-002
 5.65000000E-001 -9.22067495E-002
 5.65000000E-001 -9.22067495E-002
 5.70000000E-001 -9.77857188E-002
 5.70000000E-001 -9.77857188E-002
 5.75000000E-001 -1.03182252E-001
 5.75000000E-001 -1.03182252E-001
 5.80000000E-001 -1.08344735E-001
 5.80000000E-001 -1.08344735E-001
 5.85000000E-001 -1.13231181E-001
 5.85000000E-001 -1.13231181E-001
 5.90000000E-001 -1.17807940E-001
 5.90000000E-001 -1.17807940E-001
 5.95000000E-001 -1.22048501E-001
 5.95000000E-001 -1.22048501E-001
 6.00000000E-001 -1.25932428E-001
 6.00000000E-001 -1.25932428E-001
 6.05000000E-001 -1.29444405E-001
 6.05000000E-001 -1.29444405E-001
 6.10000000E-001 -1.32573423E-001
 6.10000000E-001 -1.32573423E-001
 6.15000000E-001 -1.35312081E-001
 6.15000000E-001 -1.35312081E-001
 6.20000000E-001 -1.37656011E-001
 6.20000000E-001 -1.37656011E-001
 6.25000000E-001 -1.39603395E-001
 6.25000000E-001 -1.39603395E-001
 6.30000000E-001 -1.41156422E-001
 6.30000000E-001 -1.41156422E-001
 6.35000000E-001 -1.42327778E-001
 6.35000000E-001 -1.42327778E-001
 6.40000000E-001 -1.43136984E-001
 6.40000000E-001 -1.43136984E-001
 6.45000000E-001 -1.43602168E-001
 6.45000000E-001 -1.43602168E-001
 6.50000000E-001 -1.43740220E-001
 6.50000000E-001 -1.43740220E-001
 6.55000000E-001 -1.43566918E-001
 6.55000000E-001 -1.43566918E-001
 6.60000000E-001 -1.43097051E-001
 6.60000000E-001 -1.43097051E-001
 6.65000000E-001 -1.42344514E-001
 6.65000000E-001 -1.42344514E-001
 6.70000000E-001 -1.41322401E-001
 6.70000000E-001 -1.41322401E-001
 6.75000000E-001 -1.40043087E-001
 6.75000000E-001 -1.40043087E-001
 6.80000000E-001 -1.38518290E-001
 6.80000000E-001 -1.38518290E-001
 6.85000000E-001 -1.36759141E-001
 6.85000000E-001 -1.36759141E-001
 6.90000000E-001 -1.34776231E-001
 6.90000000E-001 -1.34776231E-001
 6.95000000E-001 -1.32579659E-001
 6.95000000E-001 -1.32579659E-001
 7.00000000E-001 -1.30179076E-001
 7.00000000E-001 -1.30179076E-001
 7.05000000E-001 -1.27583721E-001
 7.05000000E-001 -1.27583721E-001
 7.10000000E-001 -1.24802449E-001
 7.10000000E-001 -1.24802449E-001
 7.15000000E-001 -1.21843768E-001
 7.15000000E-001 -1.21843768E-001
 7.20000000E-001 -1.18715853E-001
 7.20000000E-001 -1.18715853E-001
 7.25000000E-001 -1.15426580E-001
 7.25000000E-001 -1.15426580E-001
 7.30000000E-001 -1.11983536E-001
 7.30000000E-001 -1.11983536E-001
 7.35000000E-001 -1.08394043E-001
 7.35000000E-001 -1.08394043E-001
 7.40000000E-001 -1.04665173E-001
 7.40000000E-001 -1.04665173E-001
 7.45000000E-001 -1.00803759E-001
 7.45000000E-001 -1.00803759E-001
 7.50000000E-001 -9.68164105E-002
 7.50000000E-001 -9.68164105E-002
 7.55000000E-001 -9.27095265E-002
 7.55000000E-001 -9.27095265E-002
 7.60000000E-001 -8.84893036E-002
 7.60000000E-001 -8.84893036E-002
 7.65000000E-001 -8.41617469E-002
 7.65000000E-001 -8.41617469E-002
 7.70000000E-001 -7.97326798E-002
 7.70000000E-001 -7.97326798E-002
 7.75000000E-001 -7.52077522E-002
 7.75000000E-001 -7.52077522E-002
 7.80000000E-001 -7.05924489E-002
 7.80000000E-001 -7.05924489E-002
 7.85000000E-001 -6.58920972E-002
 7.85000000E-001 -6.58920972E-002
 7.90000000E-001 -6.11118752E-002
 7.90000000E-001 -6.11118752E-002
 7.95000000E-001 -5.62568188E-002
 7.95000000E-001 -5.62568188E-002
 8.00000000E-001 -5.13318292E-002
 8.00000000E-001 -5.13318292E-002
 8.05000000E-001 -4.63436787E-002
 8.05000000E-001 -4.63436787E-002
 8.10000000E-001 -4.13196939E-002
 8.10000000E-001 -4.13196939E-002
 8.15000000E-001 -3.63029764E-002
 8.15000000E-001 -3.63029764E-002
 8.20000000E-001 -3.13316520E-002
 8.20000000E-001 -3.13316520E-002
 8.25000000E-001 -2.64391339E-002
 8.25000000E-001 -2.64391339E-002
 8.30000000E-001 -2.16543914E-002
 8.30000000E-001 -2.16543914E-002
 8.35000000E-001 -1.70022335E-002
 8.35000000E-001 -1.70022335E-002
 8.40000000E-001 -1.25036053E-002
 8.40000000E-001 -1.25036053E-002
 8.45000000E-001 -8.17589593E-003
 8.45000000E-001 -8.17589593E-003
 8.50000000E-001 -4.03325094E-003
 8.50000000E-001 -4.03325094E-003
 8.55000000E-001 -8.68846273E-005
 8.55000000E-001 -8.68846273E-005
 8.60000000E-001  3.65461517E-003
 8.60000000E-001  3.65461517E-003
 8.65000000E-001  7.18499482E-003
 8.65000000E-001  7.18499482E-003
 8.70000000E-001  1.05000598E-002
 8.70000000E-001  1.05000598E-002
 8.75000000E-001  1.35974201E-002
 8.75000000E-001  1.35974201E-002
 8.80000000E-001  1.64762575E-002
 8.80000000E-001  1.64762575E-002
 8.85000000E-001  1.91371169E-002
 8.85000000E-001  1.91371169E-002
 8.90000000E-001  2.15817197E-002
 8.90000000E-001  2.15817197E-002
 8.95000000E-001  2.38128000E-002
 8.95000000E-001  2.38128000E-002
 9.00000000E-001  2.58339616E-002
 9.00000000E-001  2.58339616E-002
 9.05000000E-001  2.76495534E-002
 9.05000000E-001  2.76495534E-002
 9.10000000E-001  2.92645629E-002
 9.10000000E-001  2.92645629E-002
 9.15000000E-001  3.06845231E-002
 9.15000000E-001  3.06845231E-002
 9.20000000E-001  3.19154343E-002
 9.20000000E-001  3.19154343E-002
 9.25000000E-001  3.29636948E-002
 9.25000000E-001  3.29636948E-002
 9.30000000E-001  3.38360422E-002
 9.30000000E-001  3.38360422E-002
 9.35000000E-001  3.45395013E-002
 9.35000000E-001  3.45395013E-002
 9.40000000E-001  3.50813385E-002
 9.40000000E-001  3.50813385E-002
 9.45000000E-001  3.54690209E-002
 9.45000000E-001  3.54690209E-002
 9.50000000E-001  3.57101782E-002
 9.50000000E-001  3.57101782E-002
 9.55000000E-001  3.58125688E-002
 9.55000000E-001  3.58125688E-002
 9.60000000E-001  3.57840464E-002
 9.60000000E-001  3.57840464E-002
 9.65000000E-001  3.56325291E-002
 9.65000000E-001  3.56325291E-002
 9.70000000E-001  3.53659690E-002
 9.70000000E-001  3.53659690E-002
 9.75000000E-001  3.49923227E-002
 9.75000000E-001  3.49923227E-002
 9.80000000E-001  3.45195225E-002
 9.80000000E-001  3.45195225E-002
 9.85000000E-001  3.39554483E-002
 9.85000000E-001  3.39554483E-002
 9.90000000E-001  3.33078992E-002
 9.90000000E-001  3.33078992E-002
 9.95000000E-001  3.25845670E-002
 9.95000000E-001  3.25845670E-002
 1.00000000E+000  3.17930098E-002
 1.00000000E+000  3.17930098E-002
 1.00500000E+000  3.09406263E-002
 1.00500000E+000  3.09406263E-002
 1.01000000E+000  3.00346321E-002
 1.01000000E+000  3.00346321E-002
 1.01500000E+000  2.90820369E-002
 1.01500000E+000  2.90820369E-002
 1.02000000E+000  2.80896233E-002
 1.02000000E+000  2.80896233E-002
 1.02500000E+000  2.70639277E-002
 1.02500000E+000  2.70639277E-002
 1.03000000E+000  2.60112226E-002
 1.03000000E+000  2.60112226E-002
 1.03500000E+000  2.49375019E-002
 1.03500000E+000  2.49375019E-002
 1.04000000E+000  2.38484677E-002
 1.04000000E+000  2.38484677E-002
 1.04500000E+000  2.27495196E-002
 1.04500000E+000  2.27495196E-002
 1.05000000E+000  2.16457464E-002
 1.05000000E+000  2.16457464E-002
 1.05500000E+000  2.05419203E-002
 1.05500000E+000  2.05419203E-002
 1.06000000E+000  1.94424929E-002
 1.06000000E+000  1.94424929E-002
 1.06500000E+000  1.83515940E-002
 1.06500000E+000  1.83515940E-002
 1.07000000E+000  1.72730321E-002
 1.07000000E+000  1.72730321E-002
 1.07500000E+000  1.62102969E-002
 1.07500000E+000  1.62102969E-002
 1.08000000E+000  1.51665638E-002
 1.08000000E+000  1.51665638E-002
 1.08500000E+000  1.41447002E-002
 1.08500000E+000  1.41447002E-002
 1.09000000E+000  1.31472725E-002
 1.09000000E+000  1.31472725E-002
 1.09500000E+000  1.21765557E-002
 1.09500000E+000  1.21765557E-002
 1.10000000E+000  1.12345430E-002
 1.10000000E+000  1.12345430E-002
 1.10500000E+000  1.03229565E-002
 1.10500000E+000  1.03229565E-002
 1.11000000E+000  9.44325967E-003
 1.11000000E+000  9.44325967E-003
 1.11500000E+000  8.59666890E-003
 1.11500000E+000  8.59666890E-003
 1.12000000E+000  7.78416672E-003
 1.12000000E+000  7.78416672E-003
 1.12500000E+000  7.00651477E-003
 1.12500000E+000  7.00651477E-003
 1.13000000E+000  6.26426705E-003
 1.13000000E+000  6.26426705E-003
 1.13500000E+000  5.55778326E-003
 1.13500000E+000  5.55778326E-003
 1.14000000E+000  4.88724207E-003
 1.14000000E+000  4.88724207E-003
 1.14500000E+000  4.25265431E-003
 1.14500000E+000  4.25265431E-003
 1.15000000E+000  3.65387587E-003
 1.15000000E+000  3.65387587E-003
 1.15500000E+000  3.09062038E-003
 1.15500000E+000  3.09062038E-003
 1.16000000E+000  2.56247155E-003
 1.16000000E+000  2.56247155E-003
 1.16500000E+000  2.06889514E-003
 1.16500000E+000  2.06889514E-003
 1.17000000E+000  1.60925047E-003
 1.17000000E+000  1.60925047E-003
 1.17500000E+000  1.18280158E-003
 1.17500000E+000  1.18280158E-003
 1.18000000E+000  7.88727827E-004
 1.18000000E+000  7.88727827E-004
 1.18500000E+000  4.26134076E-004
 1.18500000E+000  4.26134076E-004
 1.19000000E+000  9.40603916E-005
 1.19000000E+000  9.40603916E-005
 1.19500000E+000 -2.08508778E-004
 1.19500000E+000 -2.08508778E-004
 1.20000000E+000 -4.82635897E-004
 1.20000000E+000 -4.82635897E-004
 1.20500000E+000 -7.29422126E-004
 1.20500000E+000 -7.29422126E-004
 1.21000000E+000 -9.49999598E-004
 1.21000000E+000 -9.49999598E-004
 1.21500000E+000 -1.14552417E-003
 1.21500000E+000 -1.14552417E-003
 1.22000000E+000 -1.31716864E-003
 1.22000000E+000 -1.31716864E-003
 1.22500000E+000 -1.46611645E-003
 1.22500000E+000 -1.46611645E-003
 1.23000000E+000 -1.59355577E-003
 1.23000000E+000 -1.59355577E-003
 1.23500000E+000 -1.70067412E-003
 1.23500000E+000 -1.70067412E-003
 1.24000000E+000 -1.78865334E-003
 1.24000000E+000 -1.78865334E-003
 1.24500000E+000 -1.85866500E-003
 1.24500000E+000 -1.85866500E-003
 1.25000000E+000 -1.91186620E-003
 1.25000000E+000 -1.91186620E-003
 1.25500000E+000 -1.94939576E-003
 1.25500000E+000 -1.94939576E-003
 1.26000000E+000 -1.97237079E-003
 1.26000000E+000 -1.97237079E-003
 1.26500000E+000 -1.98188359E-003
 1.26500000E+000 -1.98188359E-003
 1.27000000E+000 -1.97899890E-003
 1.27000000E+000 -1.97899890E-003
 1.27500000E+000 -1.96475152E-003
 1.27500000E+000 -1.96475152E-003
 1.28000000E+000 -1.94014415E-003
 1.28000000E+000 -1.94014415E-003
 1.28500000E+000 -1.90614561E-003
 1.28500000E+000 -1.90614561E-003
 1.29000000E+000 -1.86368931E-003
 1.29000000E+000 -1.86368931E-003
 1.29500000E+000 -1.81367197E-003
 1.29500000E+000 -1.81367197E-003
 1.30000000E+000 -1.75695262E-003
 1.30000000E+000 -1.75695262E-003
 1.30500000E+000 -1.69435186E-003
 1.30500000E+000 -1.69435186E-003
 1.31000000E+000 -1.62665122E-003
 1.31000000E+000 -1.62665122E-003
 1.31500000E+000 -1.55459293E-003
 1.31500000E+000 -1.55459293E-003
 1.32000000E+000 -1.47887966E-003
 1.32000000E+000 -1.47887966E-003
 1.32500000E+000 -1.40017466E-003
 1.32500000E+000 -1.40017466E-003
 1.33000000E+000 -1.31910185E-003
 1.33000000E+000 -1.31910185E-003
 1.33500000E+000 -1.23624626E-003
 1.33500000E+000 -1.23624626E-003
 1.34000000E+000 -1.15215448E-003
 1.34000000E+000 -1.15215448E-003
 1.34500000E+000 -1.06733528E-003
 1.34500000E+000 -1.06733528E-003
 1.35000000E+000 -9.82260342E-004
 1.35000000E+000 -9.82260342E-004
 1.35500000E+000 -8.97365104E-004
 1.35500000E+000 -8.97365104E-004
 1.36000000E+000 -8.13049690E-004
 1.36000000E+000 -8.13049690E-004
 1.36500000E+000 -7.29679912E-004
 1.36500000E+000 -7.29679912E-004
 1.37000000E+000 -6.47588353E-004
 1.37000000E+000 -6.47588353E-004
 1.37500000E+000 -5.67075508E-004
 1.37500000E+000 -5.67075508E-004
 1.38000000E+000 -4.88410969E-004
 1.38000000E+000 -4.88410969E-004
 1.38500000E+000 -4.11834664E-004
 1.38500000E+000 -4.11834664E-004
 1.39000000E+000 -3.37558118E-004
 1.39000000E+000 -3.37558118E-004
 1.39500000E+000 -2.65765744E-004
 1.39500000E+000 -2.65765744E-004
 1.40000000E+000 -1.96616152E-004
 1.40000000E+000 -1.96616152E-004
 1.40500000E+000 -1.30243468E-004
 1.40500000E+000 -1.30243468E-004
 1.41000000E+000 -6.67586548E-005
 1.41000000E+000 -6.67586548E-005
 1.41500000E+000 -6.25083382E-006
 1.41500000E+000 -6.25083382E-006
 1.42000000E+000  5.12114009E-005
 1.42000000E+000  5.12114009E-005
 1.42500000E+000  1.05578683E-004
 1.42500000E+000  1.05578683E-004
 1.43000000E+000  1.56819592E-004
 1.43000000E+000  1.56819592E-004
 1.43500000E+000  2.04919387E-004
 1.43500000E+000  2.04919387E-004
 1.44000000E+000  2.49878778E-004
 1.44000000E+000  2.49878778E-004
 1.44500000E+000  2.91712710E-004
 1.44500000E+000  2.91712710E-004
 1.45000000E+000  3.30449193E-004
 1.45000000E+000  3.30449193E-004
 1.45500000E+000  3.66128160E-004
 1.45500000E+000  3.66128160E-004
 1.46000000E+000  3.98800358E-004
 1.46000000E+000  3.98800358E-004
 1.46500000E+000  4.28526288E-004
 1.46500000E+000  4.28526288E-004
 1.47000000E+000  4.55375175E-004
 1.47000000E+000  4.55375175E-004
 1.47500000E+000  4.79423984E-004
 1.47500000E+000  4.79423984E-004
 1.48000000E+000  5.00756480E-004
 1.48000000E+000  5.00756480E-004
 1.48500000E+000  5.19462330E-004
 1.48500000E+000  5.19462330E-004
 1.49000000E+000  5.35636247E-004
 1.49000000E+000  5.35636247E-004
 1.49500000E+000  5.49377179E-004
 1.49500000E+000  5.49377179E-004
 1.50000000E+000  5.60787548E-004
 1.50000000E+000  5.60787548E-004
 1.50500000E+000  5.69972522E-004
 1.50500000E+000  5.69972522E-004
 1.51000000E+000  5.77039344E-004
 1.51000000E+000  5.77039344E-004
 1.51500000E+000  5.82096692E-004
 1.51500000E+000  5.82096692E-004
 1.52000000E+000  5.85254091E-004
 1.52000000E+000  5.85254091E-004
 1.52500000E+000  5.86621363E-004
 1.52500000E+000  5.86621363E-004
 1.53000000E+000  5.86308119E-004
 1.53000000E+000  5.86308119E-004
 1.53500000E+000  5.84423289E-004
 1.53500000E+000  5.84423289E-004
 1.54000000E+000  5.81074699E-004
 1.54000000E+000  5.81074699E-004
 1.54500000E+000  5.76368672E-004
 1.54500000E+000  5.76368672E-004
 1.55000000E+000  5.70409681E-004
 1.55000000E+000  5.70409681E-004
 1.55500000E+000  5.63300029E-004
 1.55500000E+000  5.63300029E-004
 1.56000000E+000  5.55139561E-004
 1.56000000E+000  5.55139561E-004
 1.56500000E+000  5.46025416E-004
 1.56500000E+000  5.46025416E-004
 1.57000000E+000  5.36051805E-004
 1.57000000E+000  5.36051805E-004
 1.57500000E+000  5.25309820E-004
 1.57500000E+000  5.25309820E-004
 1.58000000E+000  5.13887272E-004
 1.58000000E+000  5.13887272E-004
 1.58500000E+000  5.01868556E-004
 1.58500000E+000  5.01868556E-004
 1.59000000E+000  4.89334538E-004
 1.59000000E+000  4.89334538E-004
 1.59500000E+000  4.76362473E-004
 1.59500000E+000  4.76362473E-004
 1.60000000E+000  4.63025937E-004
 1.60000000E+000  4.63025937E-004
 1.60500000E+000  4.49394787E-004
 1.60500000E+000  4.49394787E-004
 1.61000000E+000  4.35535135E-004
 1.61000000E+000  4.35535135E-004
 1.61500000E+000  4.21509346E-004
 1.61500000E+000  4.21509346E-004
 1.62000000E+000  4.07376044E-004
 1.62000000E+000  4.07376044E-004
 1.62500000E+000  3.93190144E-004
 1.62500000E+000  3.93190144E-004
 1.63000000E+000  3.79002892E-004
 1.63000000E+000  3.79002892E-004
 1.63500000E+000  3.64861916E-004
 1.63500000E+000  3.64861916E-004
 1.64000000E+000  3.50811295E-004
 1.64000000E+000  3.50811295E-004
 1.64500000E+000  3.36891630E-004
 1.64500000E+000  3.36891630E-004
 1.65000000E+000  3.23140136E-004
 1.65000000E+000  3.23140136E-004
 1.65500000E+000  3.09590729E-004
 1.65500000E+000  3.09590729E-004
 1.66000000E+000  2.96274131E-004
 1.66000000E+000  2.96274131E-004
 1.66500000E+000  2.83217973E-004
 1.66500000E+000  2.83217973E-004
 1.67000000E+000  2.70446910E-004
 1.67000000E+000  2.70446910E-004
 1.67500000E+000  2.57982736E-004
 1.67500000E+000  2.57982736E-004
 1.68000000E+000  2.45844504E-004
 1.68000000E+000  2.45844504E-004
 1.68500000E+000  2.34048651E-004
 1.68500000E+000  2.34048651E-004
 1.69000000E+000  2.22609117E-004
 1.69000000E+000  2.22609117E-004
 1.69500000E+000  2.11537476E-004
 1.69500000E+000  2.11537476E-004
 1.70000000E+000  2.00843063E-004
 1.70000000E+000  2.00843063E-004
 1.70500000E+000  1.90533096E-004
 1.70500000E+000  1.90533096E-004
 1.71000000E+000  1.80612806E-004
 1.71000000E+000  1.80612806E-004
 1.71500000E+000  1.71085560E-004
 1.71500000E+000  1.71085560E-004
 1.72000000E+000  1.61952988E-004
 1.72000000E+000  1.61952988E-004
 1.72500000E+000  1.53215100E-004
 1.72500000E+000  1.53215100E-004
 1.73000000E+000  1.44870409E-004
 1.73000000E+000  1.44870409E-004
 1.73500000E+000  1.36916047E-004
 1.73500000E+000  1.36916047E-004
 1.74000000E+000  1.29347879E-004
 1.74000000E+000  1.29347879E-004
 1.74500000E+000  1.22160613E-004
 1.74500000E+000  1.22160613E-004
 1.75000000E+000  1.15347908E-004
 1.75000000E+000  1.15347908E-004
 1.75500000E+000  1.08902478E-004
 1.75500000E+000  1.08902478E-004
 1.76000000E+000  1.02816192E-004
 1.76000000E+000  1.02816192E-004
 1.76500000E+000  9.70801684E-005
 1.76500000E+000  9.70801684E-005
 1.77000000E+000  9.16848691E-005
 1.77000000E+000  9.16848691E-005
 1.77500000E+000  8.66201859E-005
 1.77500000E+000  8.66201859E-005
 1.78000000E+000  8.18755246E-005
 1.78000000E+000  8.18755246E-005
 1.78500000E+000  7.74398842E-005
 1.78500000E+000  7.74398842E-005
 1.79000000E+000  7.33019320E-005
 1.79000000E+000  7.33019320E-005
 1.79500000E+000  6.94500744E-005
 1.79500000E+000  6.94500744E-005
 1.80000000E+000  6.58725234E-005
 1.80000000E+000  6.58725234E-005
 1.80500000E+000  6.25573595E-005
 1.80500000E+000  6.25573595E-005
 1.81000000E+000  5.94925890E-005
 1.81000000E+000  5.94925890E-005
 1.81500000E+000  5.66661992E-005
 1.81500000E+000  5.66661992E-005
 1.82000000E+000  5.40662077E-005
 1.82000000E+000  5.40662077E-005
 1.82500000E+000  5.16807091E-005
 1.82500000E+000  5.16807091E-005
 1.83000000E+000  4.94979174E-005
 1.83000000E+000  4.94979174E-005
 1.83500000E+000  4.75062045E-005
 1.83500000E+000  4.75062045E-005
 1.84000000E+000  4.56941355E-005
 1.84000000E+000  4.56941355E-005
 1.84500000E+000  4.40505002E-005
 1.84500000E+000  4.40505002E-005
 1.85000000E+000  4.25643418E-005
 1.85000000E+000  4.25643418E-005
 1.85500000E+000  4.12249813E-005
 1.85500000E+000  4.12249813E-005
 1.86000000E+000  4.00220405E-005
 1.86000000E+000  4.00220405E-005
 1.86500000E+000  3.89454601E-005
 1.86500000E+000  3.89454601E-005
 1.87000000E+000  3.79855170E-005
 1.87000000E+000  3.79855170E-005
 1.87500000E+000  3.71328371E-005
 1.87500000E+000  3.71328371E-005
 1.88000000E+000  3.63784073E-005
 1.88000000E+000  3.63784073E-005
 1.88500000E+000  3.57135836E-005
 1.88500000E+000  3.57135836E-005
 1.89000000E+000  3.51300981E-005
 1.89000000E+000  3.51300981E-005
 1.89500000E+000  3.46200636E-005
 1.89500000E+000  3.46200636E-005
 1.90000000E+000  3.41759760E-005
 1.90000000E+000  3.41759760E-005
 1.90500000E+000  3.37907149E-005
 1.90500000E+000  3.37907149E-005
 1.91000000E+000  3.34575432E-005
 1.91000000E+000  3.34575432E-005
 1.91500000E+000  3.31701044E-005
 1.91500000E+000  3.31701044E-005
 1.92000000E+000  3.29224188E-005
 1.92000000E+000  3.29224188E-005
 1.92500000E+000  3.27088783E-005
 1.92500000E+000  3.27088783E-005
 1.93000000E+000  3.25242403E-005
 1.93000000E+000  3.25242403E-005
 1.93500000E+000  3.23636204E-005
 1.93500000E+000  3.23636204E-005
 1.94000000E+000  3.22224838E-005
 1.94000000E+000  3.22224838E-005
 1.94500000E+000  3.20966366E-005
 1.94500000E+000  3.20966366E-005
 1.95000000E+000  3.19822159E-005
 1.95000000E+000  3.19822159E-005
 1.95500000E+000  3.18756789E-005
 1.95500000E+000  3.18756789E-005
 1.96000000E+000  3.17737927E-005
 1.96000000E+000  3.17737927E-005
 1.96500000E+000  3.16736220E-005
 1.96500000E+000  3.16736220E-005
 1.97000000E+000  3.15725180E-005
 1.97000000E+000  3.15725180E-005
 1.97500000E+000  3.14681057E-005
 1.97500000E+000  3.14681057E-005
 1.98000000E+000  3.13582721E-005
 1.98000000E+000  3.13582721E-005
 1.98500000E+000  3.12411533E-005
 1.98500000E+000  3.12411533E-005
 1.99000000E+000  3.11151221E-005
 1.99000000E+000  3.11151221E-005
 1.99500000E+000  3.09787756E-005
 1.99500000E+000  3.09787756E-005
 2.00000000E+000  3.08309225E-005
 2.00000000E+000  3.08309225E-005
 2.00500000E+000  3.06705705E-005
 2.00500000E+000  3.06705705E-005
 2.01000000E+000  3.04969141E-005
 2.01000000E+000  3.04969141E-005
 2.01500000E+000  3.03093225E-005
 2.01500000E+000  3.03093225E-005
 2.02000000E+000  3.01073277E-005
 2.02000000E+000  3.01073277E-005
 2.02500000E+000  2.98906125E-005
 2.02500000E+000  2.98906125E-005
 2.03000000E+000  2.96589994E-005
 2.03000000E+000  2.96589994E-005
 2.03500000E+000  2.94124392E-005
 2.03500000E+000  2.94124392E-005
 2.04000000E+000  2.91510004E-005
 2.04000000E+000  2.91510004E-005
 2.04500000E+000  2.88748587E-005
 2.04500000E+000  2.88748587E-005
 2.05000000E+000  2.85842869E-005
 2.05000000E+000  2.85842869E-005
 2.05500000E+000  2.82796452E-005
 2.05500000E+000  2.82796452E-005
 2.06000000E+000  2.79613717E-005
 2.06000000E+000  2.79613717E-005
 2.06500000E+000  2.76299740E-005
 2.06500000E+000  2.76299740E-005
 2.07000000E+000  2.72860202E-005
 2.07000000E+000  2.72860202E-005
 2.07500000E+000  2.69301310E-005
 2.07500000E+000  2.69301310E-005
 2.08000000E+000  2.65629721E-005
 2.08000000E+000  2.65629721E-005
 2.08500000E+000  2.61852467E-005
 2.08500000E+000  2.61852467E-005
 2.09000000E+000  2.57976892E-005
 2.09000000E+000  2.57976892E-005
 2.09500000E+000  2.54010580E-005
 2.09500000E+000  2.54010580E-005
 2.10000000E+000  2.49961302E-005
 2.10000000E+000  2.49961302E-005
 2.10500000E+000  2.45836956E-005
 2.10500000E+000  2.45836956E-005
 2.11000000E+000  2.41645516E-005
 2.11000000E+000  2.41645516E-005
 2.11500000E+000  2.37394983E-005
 2.11500000E+000  2.37394983E-005
 2.12000000E+000  2.33093342E-005
 2.12000000E+000  2.33093342E-005
 2.12500000E+000  2.28748519E-005
 2.12500000E+000  2.28748519E-005
 2.13000000E+000  2.24368345E-005
 2.13000000E+000  2.24368345E-005
 2.13500000E+000  2.19960524E-005
 2.13500000E+000  2.19960524E-005
 2.14000000E+000  2.15532597E-005
 2.14000000E+000  2.15532597E-005
 2.14500000E+000  2.11091921E-005
 2.14500000E+000  2.11091921E-005
 2.15000000E+000  2.06645640E-005
 2.15000000E+000  2.06645640E-005
 2.15500000E+000  2.02200669E-005
 2.15500000E+000  2.02200669E-005
 2.16000000E+000  1.97763667E-005
 2.16000000E+000  1.97763667E-005
 2.16500000E+000  1.93341030E-005
 2.16500000E+000  1.93341030E-005
 2.17000000E+000  1.88938872E-005
 2.17000000E+000  1.88938872E-005
 2.17500000E+000  1.84563017E-005
 2.17500000E+000  1.84563017E-005
 2.18000000E+000  1.80218989E-005
 2.18000000E+000  1.80218989E-005
 2.18500000E+000  1.75912004E-005
 2.18500000E+000  1.75912004E-005
 2.19000000E+000  1.71646968E-005
 2.19000000E+000  1.71646968E-005
 2.19500000E+000  1.67428473E-005
 2.19500000E+000  1.67428473E-005
 2.20000000E+000  1.63260796E-005
 2.20000000E+000  1.63260796E-005
 2.20500000E+000  1.59147896E-005
 2.20500000E+000  1.59147896E-005
 2.21000000E+000  1.55093424E-005
 2.21000000E+000  1.55093424E-005
 2.21500000E+000  1.51100718E-005
 2.21500000E+000  1.51100718E-005
 2.22000000E+000  1.47172812E-005
 2.22000000E+000  1.47172812E-005
 2.22500000E+000  1.43312438E-005
 2.22500000E+000  1.43312438E-005
 2.23000000E+000  1.39522038E-005
 2.23000000E+000  1.39522038E-005
 2.23500000E+000  1.35803764E-005
 2.23500000E+000  1.35803764E-005
 2.24000000E+000  1.32159494E-005
 2.24000000E+000  1.32159494E-005
 2.24500000E+000  1.28590833E-005
 2.24500000E+000  1.28590833E-005
 2.25000000E+000  1.25099130E-005
 2.25000000E+000  1.25099130E-005
 2.25500000E+000  1.21685481E-005
 2.25500000E+000  1.21685481E-005
 2.26000000E+000  1.18350744E-005
 2.26000000E+000  1.18350744E-005
 2.26500000E+000  1.15095547E-005
 2.26500000E+000  1.15095547E-005
 2.27000000E+000  1.11920302E-005
 2.27000000E+000  1.11920302E-005
 2.27500000E+000  1.08825211E-005
 2.27500000E+000  1.08825211E-005
 2.28000000E+000  1.05810283E-005
 2.28000000E+000  1.05810283E-005
 2.28500000E+000  1.02875340E-005
 2.28500000E+000  1.02875340E-005
 2.29000000E+000  1.00020033E-005
 2.29000000E+000  1.00020033E-005
 2.29500000E+000  9.72438493E-006
 2.29500000E+000  9.72438493E-006
 2.30000000E+000  9.45461271E-006
 2.30000000E+000  9.45461271E-006
 2.30500000E+000  9.19260636E-006
 2.30500000E+000  9.19260636E-006
 2.31000000E+000  8.93827275E-006
 2.31000000E+000  8.93827275E-006
 2.31500000E+000  8.69150694E-006
 2.31500000E+000  8.69150694E-006
 2.32000000E+000  8.45219319E-006
 2.32000000E+000  8.45219319E-006
 2.32500000E+000  8.22020601E-006
 2.32500000E+000  8.22020601E-006
 2.33000000E+000  7.99541115E-006
 2.33000000E+000  7.99541115E-006
 2.33500000E+000  7.77766653E-006
 2.33500000E+000  7.77766653E-006
 2.34000000E+000  7.56682317E-006
 2.34000000E+000  7.56682317E-006
 2.34500000E+000  7.36272609E-006
 2.34500000E+000  7.36272609E-006
 2.35000000E+000  7.16521516E-006
 2.35000000E+000  7.16521516E-006
 2.35500000E+000  6.97412590E-006
 2.35500000E+000  6.97412590E-006
 2.36000000E+000  6.78929029E-006
 2.36000000E+000  6.78929029E-006
 2.36500000E+000  6.61053746E-006
 2.36500000E+000  6.61053746E-006
 2.37000000E+000  6.43769445E-006
 2.37000000E+000  6.43769445E-006
 2.37500000E+000  6.27058681E-006
 2.37500000E+000  6.27058681E-006
 2.38000000E+000  6.10903927E-006
 2.38000000E+000  6.10903927E-006
 2.38500000E+000  5.95287631E-006
 2.38500000E+000  5.95287631E-006
 2.39000000E+000  5.80192269E-006
 2.39000000E+000  5.80192269E-006
 2.39500000E+000  5.65600398E-006
 2.39500000E+000  5.65600398E-006
 2.40000000E+000  5.51494701E-006
 2.40000000E+000  5.51494701E-006
 2.40500000E+000  5.37858030E-006
 2.40500000E+000  5.37858030E-006
 2.41000000E+000  5.24673450E-006
 2.41000000E+000  5.24673450E-006
 2.41500000E+000  5.11924270E-006
 2.41500000E+000  5.11924270E-006
 2.42000000E+000  4.99594079E-006
 2.42000000E+000  4.99594079E-006
 2.42500000E+000  4.87666774E-006
 2.42500000E+000  4.87666774E-006
 2.43000000E+000  4.76126588E-006
 2.43000000E+000  4.76126588E-006
 2.43500000E+000  4.64958113E-006
 2.43500000E+000  4.64958113E-006
 2.44000000E+000  4.54146318E-006
 2.44000000E+000  4.54146318E-006
 2.44500000E+000  4.43676571E-006
 2.44500000E+000  4.43676571E-006
 2.45000000E+000  4.33534650E-006
 2.45000000E+000  4.33534650E-006
 2.45500000E+000  4.23706759E-006
 2.45500000E+000  4.23706759E-006
 2.46000000E+000  4.14179536E-006
 2.46000000E+000  4.14179536E-006
 2.46500000E+000  4.04940060E-006
 2.46500000E+000  4.04940060E-006
 2.47000000E+000  3.95975859E-006
 2.47000000E+000  3.95975859E-006
 2.47500000E+000  3.87274912E-006
 2.47500000E+000  3.87274912E-006
 2.48000000E+000  3.78825651E-006
 2.48000000E+000  3.78825651E-006
 2.48500000E+000  3.70616964E-006
 2.48500000E+000  3.70616964E-006
 2.49000000E+000  3.62638188E-006
 2.49000000E+000  3.62638188E-006
 2.49500000E+000  3.54879109E-006
 2.49500000E+000  3.54879109E-006
 2.50000000E+000  3.47329959E-006
 2.50000000E+000  3.47329959E-006
 2.50500000E+000  3.39981408E-006
 2.50500000E+000  3.39981408E-006
 2.51000000E+000  3.32824557E-006
 2.51000000E+000  3.32824557E-006
 2.51500000E+000  3.25850931E-006
 2.51500000E+000  3.25850931E-006
 2.52000000E+000  3.19052472E-006
 2.52000000E+000  3.19052472E-006
 2.52500000E+000  3.12421526E-006
 2.52500000E+000  3.12421526E-006
 2.53000000E+000  3.05950833E-006
 2.53000000E+000  3.05950833E-006
 2.53500000E+000  2.99633520E-006
 2.53500000E+000  2.99633520E-006
 2.54000000E+000  2.93463084E-006
 2.54000000E+000  2.93463084E-006
 2.54500000E+000  2.87433384E-006
 2.54500000E+000  2.87433384E-006
 2.55000000E+000  2.81538627E-006
 2.55000000E+000  2.81538627E-006
 2.55500000E+000  2.75773356E-006
 2.55500000E+000  2.75773356E-006
 2.56000000E+000  2.70132435E-006
 2.56000000E+000  2.70132435E-006
 2.56500000E+000  2.64611041E-006
 2.56500000E+000  2.64611041E-006
 2.57000000E+000  2.59204644E-006
 2.57000000E+000  2.59204644E-006
 2.57500000E+000  2.53908998E-006
 2.57500000E+000  2.53908998E-006
 2.58000000E+000  2.48720130E-006
 2.58000000E+000  2.48720130E-006
 2.58500000E+000  2.43634319E-006
 2.58500000E+000  2.43634319E-006
 2.59000000E+000  2.38648094E-006
 2.59000000E+000  2.38648094E-006
 2.59500000E+000  2.33758209E-006
 2.59500000E+000  2.33758209E-006
 2.60000000E+000  2.28961642E-006
 2.60000000E+000  2.28961642E-006
 2.60500000E+000  2.24255573E-006
 2.60500000E+000  2.24255573E-006
 2.61000000E+000  2.19637378E-006
 2.61000000E+000  2.19637378E-006
 2.61500000E+000  2.15104615E-006
 2.61500000E+000  2.15104615E-006
 2.62000000E+000  2.10655012E-006
 2.62000000E+000  2.10655012E-006
 2.62500000E+000  2.06286457E-006
 2.62500000E+000  2.06286457E-006
 2.63000000E+000  2.01996985E-006
 2.63000000E+000  2.01996985E-006
 2.63500000E+000  1.97784771E-006
 2.63500000E+000  1.97784771E-006
 2.64000000E+000  1.93648116E-006
 2.64000000E+000  1.93648116E-006
 2.64500000E+000  1.89585441E-006
 2.64500000E+000  1.89585441E-006
 2.65000000E+000  1.85595274E-006
 2.65000000E+000  1.85595274E-006
 2.65500000E+000  1.81676244E-006
 2.65500000E+000  1.81676244E-006
 2.66000000E+000  1.77827071E-006
 2.66000000E+000  1.77827071E-006
 2.66500000E+000  1.74046558E-006
 2.66500000E+000  1.74046558E-006
 2.67000000E+000  1.70333583E-006
 2.67000000E+000  1.70333583E-006
 2.67500000E+000  1.66687096E-006
 2.67500000E+000  1.66687096E-006
 2.68000000E+000  1.63106103E-006
 2.68000000E+000  1.63106103E-006
 2.68500000E+000  1.59589668E-006
 2.68500000E+000  1.59589668E-006
 2.69000000E+000  1.56136905E-006
 2.69000000E+000  1.56136905E-006
 2.69500000E+000  1.52746969E-006
 2.69500000E+000  1.52746969E-006
 2.70000000E+000  1.49419055E-006
 2.70000000E+000  1.49419055E-006
 2.70500000E+000  1.46152388E-006
 2.70500000E+000  1.46152388E-006
 2.71000000E+000  1.42946224E-006
 2.71000000E+000  1.42946224E-006
 2.71500000E+000  1.39799843E-006
 2.71500000E+000  1.39799843E-006
 2.72000000E+000  1.36712544E-006
 2.72000000E+000  1.36712544E-006
 2.72500000E+000  1.33683645E-006
 2.72500000E+000  1.33683645E-006
 2.73000000E+000  1.30712475E-006
 2.73000000E+000  1.30712475E-006
 2.73500000E+000  1.27798375E-006
 2.73500000E+000  1.27798375E-006
 2.74000000E+000  1.24940693E-006
 2.74000000E+000  1.24940693E-006
 2.74500000E+000  1.22138785E-006
 2.74500000E+000  1.22138785E-006
 2.75000000E+000  1.19392007E-006
 2.75000000E+000  1.19392007E-006
 2.75500000E+000  1.16699719E-006
 2.75500000E+000  1.16699719E-006
 2.76000000E+000  1.14061281E-006
 2.76000000E+000  1.14061281E-006
 2.76500000E+000  1.11476048E-006
 2.76500000E+000  1.11476048E-006
 2.77000000E+000  1.08943378E-006
 2.77000000E+000  1.08943378E-006
 2.77500000E+000  1.06462621E-006
 2.77500000E+000  1.06462621E-006
 2.78000000E+000  1.04033124E-006
 2.78000000E+000  1.04033124E-006
 2.78500000E+000  1.01654229E-006
 2.78500000E+000  1.01654229E-006
 2.79000000E+000  9.93252716E-007
 2.79000000E+000  9.93252716E-007
 2.79500000E+000  9.70455819E-007
 2.79500000E+000  9.70455819E-007
 2.80000000E+000  9.48144839E-007
 2.80000000E+000  9.48144839E-007
 2.80500000E+000  9.26312952E-007
 2.80500000E+000  9.26312952E-007
 2.81000000E+000  9.04953268E-007
 2.81000000E+000  9.04953268E-007
 2.81500000E+000  8.84058839E-007
 2.81500000E+000  8.84058839E-007
 2.82000000E+000  8.63622658E-007
 2.82000000E+000  8.63622658E-007
 2.82500000E+000  8.43637657E-007
 2.82500000E+000  8.43637657E-007
 2.83000000E+000  8.24096721E-007
 2.83000000E+000  8.24096721E-007
 2.83500000E+000  8.04992683E-007
 2.83500000E+000  8.04992683E-007
 2.84000000E+000  7.86318334E-007
 2.84000000E+000  7.86318334E-007
 2.84500000E+000  7.68066426E-007
 2.84500000E+000  7.68066426E-007
 2.85000000E+000  7.50229679E-007
 2.85000000E+000  7.50229679E-007
 2.85500000E+000  7.32800787E-007
 2.85500000E+000  7.32800787E-007
 2.86000000E+000  7.15772425E-007
 2.86000000E+000  7.15772425E-007
 2.86500000E+000  6.99137255E-007
 2.86500000E+000  6.99137255E-007
 2.87000000E+000  6.82887930E-007
 2.87000000E+000  6.82887930E-007
 2.87500000E+000  6.67017107E-007
 2.87500000E+000  6.67017107E-007
 2.88000000E+000  6.51517447E-007
 2.88000000E+000  6.51517447E-007
 2.88500000E+000  6.36381629E-007
 2.88500000E+000  6.36381629E-007
 2.89000000E+000  6.21602349E-007
 2.89000000E+000  6.21602349E-007
 2.89500000E+000  6.07172334E-007
 2.89500000E+000  6.07172334E-007
 2.90000000E+000  5.93084343E-007
 2.90000000E+000  5.93084343E-007
 2.90500000E+000  5.79331178E-007
 2.90500000E+000  5.79331178E-007
 2.91000000E+000  5.65905686E-007
 2.91000000E+000  5.65905686E-007
 2.91500000E+000  5.52800770E-007
 2.91500000E+000  5.52800770E-007
 2.92000000E+000  5.40009389E-007
 2.92000000E+000  5.40009389E-007
 2.92500000E+000  5.27524570E-007
 2.92500000E+000  5.27524570E-007
 2.93000000E+000  5.15339408E-007
 2.93000000E+000  5.15339408E-007
 2.93500000E+000  5.03447074E-007
 2.93500000E+000  5.03447074E-007
 2.94000000E+000  4.91840819E-007
 2.94000000E+000  4.91840819E-007
 2.94500000E+000  4.80513978E-007
 2.94500000E+000  4.80513978E-007
 2.95000000E+000  4.69459978E-007
 2.95000000E+000  4.69459978E-007
 2.95500000E+000  4.58672334E-007
 2.95500000E+000  4.58672334E-007
 2.96000000E+000  4.48144661E-007
 2.96000000E+000  4.48144661E-007
 2.96500000E+000  4.37870672E-007
 2.96500000E+000  4.37870672E-007
 2.97000000E+000  4.27844184E-007
 2.97000000E+000  4.27844184E-007
 2.97500000E+000  4.18059119E-007
 2.97500000E+000  4.18059119E-007
 2.98000000E+000  4.08509506E-007
 2.98000000E+000  4.08509506E-007
 2.98500000E+000  3.99189485E-007
 2.98500000E+000  3.99189485E-007
 2.99000000E+000  3.90093308E-007
 2.99000000E+000  3.90093308E-007
 2.99500000E+000  3.81215339E-007
 2.99500000E+000  3.81215339E-007
 3.00000000E+000  3.72550058E-007
 3.00000000E+000  3.72550058E-007
 3.00500000E+000  3.64092059E-007
 3.00500000E+000  3.64092059E-007
 3.01000000E+000  3.55836054E-007
 3.01000000E+000  3.55836054E-007
 3.01500000E+000  3.47776871E-007
 3.01500000E+000  3.47776871E-007
 3.02000000E+000  3.39909455E-007
 3.02000000E+000  3.39909455E-007
 3.02500000E+000  3.32228868E-007
 3.02500000E+000  3.32228868E-007
 3.03000000E+000  3.24730289E-007
 3.03000000E+000  3.24730289E-007
 3.03500000E+000  3.17409013E-007
 3.03500000E+000  3.17409013E-007
 3.04000000E+000  3.10260451E-007
 3.04000000E+000  3.10260451E-007
 3.04500000E+000  3.03280130E-007
 3.04500000E+000  3.03280130E-007
 3.05000000E+000  2.96463689E-007
 3.05000000E+000  2.96463689E-007
 3.05500000E+000  2.89806882E-007
 3.05500000E+000  2.89806882E-007
 3.06000000E+000  2.83305573E-007
 3.06000000E+000  2.83305573E-007
 3.06500000E+000  2.76955739E-007
 3.06500000E+000  2.76955739E-007
 3.07000000E+000  2.70753461E-007
 3.07000000E+000  2.70753461E-007
 3.07500000E+000  2.64694931E-007
 3.07500000E+000  2.64694931E-007
 3.08000000E+000  2.58776446E-007
 3.08000000E+000  2.58776446E-007
 3.08500000E+000  2.52994405E-007
 3.08500000E+000  2.52994405E-007
 3.09000000E+000  2.47345308E-007
 3.09000000E+000  2.47345308E-007
 3.09500000E+000  2.41825756E-007
 3.09500000E+000  2.41825756E-007
 3.10000000E+000  2.36432448E-007
 3.10000000E+000  2.36432448E-007
 3.10500000E+000  2.31162177E-007
 3.10500000E+000  2.31162177E-007
 3.11000000E+000  2.26011828E-007
 3.11000000E+000  2.26011828E-007
 3.11500000E+000  2.20978380E-007
 3.11500000E+000  2.20978380E-007
 3.12000000E+000  2.16058898E-007
 3.12000000E+000  2.16058898E-007
 3.12500000E+000  2.11250534E-007
 3.12500000E+000  2.11250534E-007
 3.13000000E+000  2.06550524E-007
 3.13000000E+000  2.06550524E-007
 3.13500000E+000  2.01956187E-007
 3.13500000E+000  2.01956187E-007
 3.14000000E+000  1.97464921E-007
 3.14000000E+000  1.97464921E-007
 3.14500000E+000  1.93074199E-007
 3.14500000E+000  1.93074199E-007
 3.15000000E+000  1.88781573E-007
 3.15000000E+000  1.88781573E-007
 3.15500000E+000  1.84584663E-007
 3.15500000E+000  1.84584663E-007
 3.16000000E+000  1.80481163E-007
 3.16000000E+000  1.80481163E-007
 3.16500000E+000  1.76468834E-007
 3.16500000E+000  1.76468834E-007
 3.17000000E+000  1.72545502E-007
 3.17000000E+000  1.72545502E-007
 3.17500000E+000  1.68709058E-007
 3.17500000E+000  1.68709058E-007
 3.18000000E+000  1.64957455E-007
 3.18000000E+000  1.64957455E-007
 3.18500000E+000  1.61288705E-007
 3.18500000E+000  1.61288705E-007
 3.19000000E+000  1.57700877E-007
 3.19000000E+000  1.57700877E-007
 3.19500000E+000  1.54192096E-007
 3.19500000E+000  1.54192096E-007
 3.20000000E+000  1.50760542E-007
 3.20000000E+000  1.50760542E-007
 3.20500000E+000  1.47404444E-007
 3.20500000E+000  1.47404444E-007
 3.21000000E+000  1.44122083E-007
 3.21000000E+000  1.44122083E-007
 3.21500000E+000  1.40911788E-007
 3.21500000E+000  1.40911788E-007
 3.22000000E+000  1.37771933E-007
 3.22000000E+000  1.37771933E-007
 3.22500000E+000  1.34700937E-007
 3.22500000E+000  1.34700937E-007
 3.23000000E+000  1.31697263E-007
 3.23000000E+000  1.31697263E-007
 3.23500000E+000  1.28759415E-007
 3.23500000E+000  1.28759415E-007
 3.24000000E+000  1.25885936E-007
 3.24000000E+000  1.25885936E-007
 3.24500000E+000  1.23075409E-007
 3.24500000E+000  1.23075409E-007
 3.25000000E+000  1.20326451E-007
 3.25000000E+000  1.20326451E-007
 3.25500000E+000  1.17637718E-007
 3.25500000E+000  1.17637718E-007
 3.26000000E+000  1.15007898E-007
 3.26000000E+000  1.15007898E-007
 3.26500000E+000  1.12435713E-007
 3.26500000E+000  1.12435713E-007
 3.27000000E+000  1.09919916E-007
 3.27000000E+000  1.09919916E-007
 3.27500000E+000  1.07459293E-007
 3.27500000E+000  1.07459293E-007
 3.28000000E+000  1.05052655E-007
 3.28000000E+000  1.05052655E-007
 3.28500000E+000  1.02698846E-007
 3.28500000E+000  1.02698846E-007
 3.29000000E+000  1.00396735E-007
 3.29000000E+000  1.00396735E-007
 3.29500000E+000  9.81452172E-008
 3.29500000E+000  9.81452172E-008
 3.30000000E+000  9.59432148E-008
 3.30000000E+000  9.59432148E-008
 3.30500000E+000  9.37896735E-008
 3.30500000E+000  9.37896735E-008
 3.31000000E+000  9.16835632E-008
 3.31000000E+000  9.16835632E-008
 3.31500000E+000  8.96238768E-008
 3.31500000E+000  8.96238768E-008
 3.32000000E+000  8.76096293E-008
 3.32000000E+000  8.76096293E-008
 3.32500000E+000  8.56398572E-008
 3.32500000E+000  8.56398572E-008
 3.33000000E+000  8.37136179E-008
 3.33000000E+000  8.37136179E-008
 3.33500000E+000  8.18299889E-008
 3.33500000E+000  8.18299889E-008
 3.34000000E+000  7.99880673E-008
 3.34000000E+000  7.99880673E-008
 3.34500000E+000  7.81869691E-008
 3.34500000E+000  7.81869691E-008
 3.35000000E+000  7.64258288E-008
 3.35000000E+000  7.64258288E-008
 3.35500000E+000  7.47037985E-008
 3.35500000E+000  7.47037985E-008
 3.36000000E+000  7.30200480E-008
 3.36000000E+000  7.30200480E-008
 3.36500000E+000  7.13737637E-008
 3.36500000E+000  7.13737637E-008
 3.37000000E+000  6.97641487E-008
 3.37000000E+000  6.97641487E-008
 3.37500000E+000  6.81904221E-008
 3.37500000E+000  6.81904221E-008
 3.38000000E+000  6.66518183E-008
 3.38000000E+000  6.66518183E-008
 3.38500000E+000  6.51475872E-008
 3.38500000E+000  6.51475872E-008
 3.39000000E+000  6.36769937E-008
 3.39000000E+000  6.36769937E-008
 3.39500000E+000  6.22393168E-008
 3.39500000E+000  6.22393168E-008
 3.40000000E+000  6.08338502E-008
 3.40000000E+000  6.08338502E-008
 3.40500000E+000  5.94599010E-008
 3.40500000E+000  5.94599010E-008
 3.41000000E+000  5.81167903E-008
 3.41000000E+000  5.81167903E-008
 3.41500000E+000  5.68038521E-008
 3.41500000E+000  5.68038521E-008
 3.42000000E+000  5.55204339E-008
 3.42000000E+000  5.55204339E-008
 3.42500000E+000  5.42658957E-008
 3.42500000E+000  5.42658957E-008
 3.43000000E+000  5.30396099E-008
 3.43000000E+000  5.30396099E-008
 3.43500000E+000  5.18409616E-008
 3.43500000E+000  5.18409616E-008
 3.44000000E+000  5.06693476E-008
 3.44000000E+000  5.06693476E-008
 3.44500000E+000  4.95241767E-008
 3.44500000E+000  4.95241767E-008
 3.45000000E+000  4.84048694E-008
 3.45000000E+000  4.84048694E-008
 3.45500000E+000  4.73108576E-008
 3.45500000E+000  4.73108576E-008
 3.46000000E+000  4.62415845E-008
 3.46000000E+000  4.62415845E-008
 3.46500000E+000  4.51965042E-008
 3.46500000E+000  4.51965042E-008
 3.47000000E+000  4.41750818E-008
 3.47000000E+000  4.41750818E-008
 3.47500000E+000  4.31767931E-008
 3.47500000E+000  4.31767931E-008
 3.48000000E+000  4.22011245E-008
 3.48000000E+000  4.22011245E-008
 3.48500000E+000  4.12475725E-008
 3.48500000E+000  4.12475725E-008
 3.49000000E+000  4.03156441E-008
 3.49000000E+000  4.03156441E-008
 3.49500000E+000  3.94048561E-008
 3.49500000E+000  3.94048561E-008
 3.50000000E+000  3.85147354E-008
 3.50000000E+000  3.85147354E-008
 3.50500000E+000  3.76448184E-008
 3.50500000E+000  3.76448184E-008
 3.51000000E+000  3.67946511E-008
 3.51000000E+000  3.67946511E-008
 3.51500000E+000  3.59637890E-008
 3.51500000E+000  3.59637890E-008
 3.52000000E+000  3.51517968E-008
 3.52000000E+000  3.51517968E-008
 3.52500000E+000  3.43582484E-008
 3.52500000E+000  3.43582484E-008
 3.53000000E+000  3.35827266E-008
 3.53000000E+000  3.35827266E-008
 3.53500000E+000  3.28248229E-008
 3.53500000E+000  3.28248229E-008
 3.54000000E+000  3.20841377E-008
 3.54000000E+000  3.20841377E-008
 3.54500000E+000  3.13602798E-008
 3.54500000E+000  3.13602798E-008
 3.55000000E+000  3.06528665E-008
 3.55000000E+000  3.06528665E-008
 3.55500000E+000  2.99615232E-008
 3.55500000E+000  2.99615232E-008
 3.56000000E+000  2.92858835E-008
 3.56000000E+000  2.92858835E-008
 3.56500000E+000  2.86255891E-008
 3.56500000E+000  2.86255891E-008
 3.57000000E+000  2.79802893E-008
 3.57000000E+000  2.79802893E-008
 3.57500000E+000  2.73496413E-008
 3.57500000E+000  2.73496413E-008
 3.58000000E+000  2.67333099E-008
 3.58000000E+000  2.67333099E-008
 3.58500000E+000  2.61309670E-008
 3.58500000E+000  2.61309670E-008
 3.59000000E+000  2.55422923E-008
 3.59000000E+000  2.55422923E-008
 3.59500000E+000  2.49669722E-008
 3.59500000E+000  2.49669722E-008
 3.60000000E+000  2.44047004E-008
 3.60000000E+000  2.44047004E-008
 3.60500000E+000  2.38551775E-008
 3.60500000E+000  2.38551775E-008
 3.61000000E+000  2.33181107E-008
 3.61000000E+000  2.33181107E-008
 3.61500000E+000  2.27932140E-008
 3.61500000E+000  2.27932140E-008
 3.62000000E+000  2.22802080E-008
 3.62000000E+000  2.22802080E-008
 3.62500000E+000  2.17788193E-008
 3.62500000E+000  2.17788193E-008
 3.63000000E+000  2.12887812E-008
 3.63000000E+000  2.12887812E-008
 3.63500000E+000  2.08098329E-008
 3.63500000E+000  2.08098329E-008
 3.64000000E+000  2.03417196E-008
 3.64000000E+000  2.03417196E-008
 3.64500000E+000  1.98841925E-008
 3.64500000E+000  1.98841925E-008
 3.65000000E+000  1.94370084E-008
 3.65000000E+000  1.94370084E-008
 3.65500000E+000  1.89999299E-008
 3.65500000E+000  1.89999299E-008
 3.66000000E+000  1.85727250E-008
 3.66000000E+000  1.85727250E-008
 3.66500000E+000  1.81551672E-008
 3.66500000E+000  1.81551672E-008
 3.67000000E+000  1.77470353E-008
 3.67000000E+000  1.77470353E-008
 3.67500000E+000  1.73481132E-008
 3.67500000E+000  1.73481132E-008
 3.68000000E+000  1.69581897E-008
 3.68000000E+000  1.69581897E-008
 3.68500000E+000  1.65770589E-008
 3.68500000E+000  1.65770589E-008
 3.69000000E+000  1.62045195E-008
 3.69000000E+000  1.62045195E-008
 3.69500000E+000  1.58403750E-008
 3.69500000E+000  1.58403750E-008
 3.70000000E+000  1.54844334E-008
 3.70000000E+000  1.54844334E-008
 3.70500000E+000  1.51365073E-008
 3.70500000E+000  1.51365073E-008
 3.71000000E+000  1.47964139E-008
 3.71000000E+000  1.47964139E-008
 3.71500000E+000  1.44639743E-008
 3.71500000E+000  1.44639743E-008
 3.72000000E+000  1.41390140E-008
 3.72000000E+000  1.41390140E-008
 3.72500000E+000  1.38213628E-008
 3.72500000E+000  1.38213628E-008
 3.73000000E+000  1.35108542E-008
 3.73000000E+000  1.35108542E-008
 3.73500000E+000  1.32073258E-008
 3.73500000E+000  1.32073258E-008
 3.74000000E+000  1.29106189E-008
 3.74000000E+000  1.29106189E-008
 3.74500000E+000  1.26205787E-008
 3.74500000E+000  1.26205787E-008
 3.75000000E+000  1.23370537E-008
 3.75000000E+000  1.23370537E-008
 3.75500000E+000  1.20598964E-008
 3.75500000E+000  1.20598964E-008
 3.76000000E+000  1.17889624E-008
 3.76000000E+000  1.17889624E-008
 3.76500000E+000  1.15241109E-008
 3.76500000E+000  1.15241109E-008
 3.77000000E+000  1.12652042E-008
 3.77000000E+000  1.12652042E-008
 3.77500000E+000  1.10121080E-008
 3.77500000E+000  1.10121080E-008
 3.78000000E+000  1.07646910E-008
 3.78000000E+000  1.07646910E-008
 3.78500000E+000  1.05228252E-008
 3.78500000E+000  1.05228252E-008
 3.79000000E+000  1.02863852E-008
 3.79000000E+000  1.02863852E-008
 3.79500000E+000  1.00552487E-008
 3.79500000E+000  1.00552487E-008
 3.80000000E+000  9.82929646E-009
 3.80000000E+000  9.82929646E-009
 3.80500000E+000  9.60841164E-009
 3.80500000E+000  9.60841164E-009
 3.81000000E+000  9.39248031E-009
 3.81000000E+000  9.39248031E-009
 3.81500000E+000  9.18139111E-009
 3.81500000E+000  9.18139111E-009
 3.82000000E+000  8.97503527E-009
 3.82000000E+000  8.97503527E-009
 3.82500000E+000  8.77330652E-009
 3.82500000E+000  8.77330652E-009
 3.83000000E+000  8.57610103E-009
 3.83000000E+000  8.57610103E-009
 3.83500000E+000  8.38331736E-009
 3.83500000E+000  8.38331736E-009
 3.84000000E+000  8.19485639E-009
 3.84000000E+000  8.19485639E-009
 3.84500000E+000  8.01062125E-009
 3.84500000E+000  8.01062125E-009
 3.85000000E+000  7.83051731E-009
 3.85000000E+000  7.83051731E-009
 3.85500000E+000  7.65445209E-009
 3.85500000E+000  7.65445209E-009
 3.86000000E+000  7.48233520E-009
 3.86000000E+000  7.48233520E-009
 3.86500000E+000  7.31407831E-009
 3.86500000E+000  7.31407831E-009
 3.87000000E+000  7.14959511E-009
 3.87000000E+000  7.14959511E-009
 3.87500000E+000  6.98880122E-009
 3.87500000E+000  6.98880122E-009
 3.88000000E+000  6.83161418E-009
 3.88000000E+000  6.83161418E-009
 3.88500000E+000  6.67795339E-009
 3.88500000E+000  6.67795339E-009
 3.89000000E+000  6.52774007E-009
 3.89000000E+000  6.52774007E-009
 3.89500000E+000  6.38089721E-009
 3.89500000E+000  6.38089721E-009
 3.90000000E+000  6.23734953E-009
 3.90000000E+000  6.23734953E-009
 3.90500000E+000  6.09702344E-009
 3.90500000E+000  6.09702344E-009
 3.91000000E+000  5.95984700E-009
 3.91000000E+000  5.95984700E-009
 3.91500000E+000  5.82574988E-009
 3.91500000E+000  5.82574988E-009
 3.92000000E+000  5.69466333E-009
 3.92000000E+000  5.69466333E-009
 3.92500000E+000  5.56652011E-009
 3.92500000E+000  5.56652011E-009
 3.93000000E+000  5.44125452E-009
 3.93000000E+000  5.44125452E-009
 3.93500000E+000  5.31880229E-009
 3.93500000E+000  5.31880229E-009
 3.94000000E+000  5.19910060E-009
 3.94000000E+000  5.19910060E-009
 3.94500000E+000  5.08208801E-009
 3.94500000E+000  5.08208801E-009
 3.95000000E+000  4.96770447E-009
 3.95000000E+000  4.96770447E-009
 3.95500000E+000  4.85589125E-009
 3.95500000E+000  4.85589125E-009
 3.96000000E+000  4.74659092E-009
 3.96000000E+000  4.74659092E-009
 3.96500000E+000  4.63974733E-009
 3.96500000E+000  4.63974733E-009
 3.97000000E+000  4.53530558E-009
 3.97000000E+000  4.53530558E-009
 3.97500000E+000  4.43321197E-009
 3.97500000E+000  4.43321197E-009
 3.98000000E+000  4.33341400E-009
 3.98000000E+000  4.33341400E-009
 3.98500000E+000  4.23586034E-009
 3.98500000E+000  4.23586034E-009
 3.99000000E+000  4.14050078E-009
 3.99000000E+000  4.14050078E-009
 3.99500000E+000  4.04728623E-009
 3.99500000E+000  4.04728623E-009
 4.00000000E+000  3.95616869E-009
 4.00000000E+000  3.95616869E-009
 4.00500000E+000  3.86710121E-009
 4.00500000E+000  3.86710121E-009
 4.01000000E+000  3.78003790E-009
 4.01000000E+000  3.78003790E-009
 4.01500000E+000  3.69493386E-009
 4.01500000E+000  3.69493386E-009
 4.02000000E+000  3.61174519E-009
 4.02000000E+000  3.61174519E-009
 4.02500000E+000  3.53042898E-009
 4.02500000E+000  3.53042898E-009
 4.03000000E+000  3.45094325E-009
 4.03000000E+000  3.45094325E-009
 4.03500000E+000  3.37324695E-009
 4.03500000E+000  3.37324695E-009
 4.04000000E+000  3.29729995E-009
 4.04000000E+000  3.29729995E-009
 4.04500000E+000  3.22306299E-009
 4.04500000E+000  3.22306299E-009
 4.05000000E+000  3.15049771E-009
 4.05000000E+000  3.15049771E-009
 4.05500000E+000  3.07956657E-009
 4.05500000E+000  3.07956657E-009
 4.06000000E+000  3.01023287E-009
 4.06000000E+000  3.01023287E-009
 4.06500000E+000  2.94246075E-009
 4.06500000E+000  2.94246075E-009
 4.07000000E+000  2.87621510E-009
 4.07000000E+000  2.87621510E-009
 4.07500000E+000  2.81146163E-009
 4.07500000E+000  2.81146163E-009
 4.08000000E+000  2.74816678E-009
 4.08000000E+000  2.74816678E-009
 4.08500000E+000  2.68629777E-009
 4.08500000E+000  2.68629777E-009
 4.09000000E+000  2.62582252E-009
 4.09000000E+000  2.62582252E-009
 4.09500000E+000  2.56670967E-009
 4.09500000E+000  2.56670967E-009
 4.10000000E+000  2.50892857E-009
 4.10000000E+000  2.50892857E-009
 4.10500000E+000  2.45244923E-009
 4.10500000E+000  2.45244923E-009
 4.11000000E+000  2.39724237E-009
 4.11000000E+000  2.39724237E-009
 4.11500000E+000  2.34327932E-009
 4.11500000E+000  2.34327932E-009
 4.12000000E+000  2.29053206E-009
 4.12000000E+000  2.29053206E-009
 4.12500000E+000  2.23897322E-009
 4.12500000E+000  2.23897322E-009
 4.13000000E+000  2.18857600E-009
 4.13000000E+000  2.18857600E-009
 4.13500000E+000  2.13931425E-009
 4.13500000E+000  2.13931425E-009
 4.14000000E+000  2.09116236E-009
 4.14000000E+000  2.09116236E-009
 4.14500000E+000  2.04409532E-009
 4.14500000E+000  2.04409532E-009
 4.15000000E+000  1.99808867E-009
 4.15000000E+000  1.99808867E-009
 4.15500000E+000  1.95311850E-009
 4.15500000E+000  1.95311850E-009
 4.16000000E+000  1.90916144E-009
 4.16000000E+000  1.90916144E-009
 4.16500000E+000  1.86619463E-009
 4.16500000E+000  1.86619463E-009
 4.17000000E+000  1.82419575E-009
 4.17000000E+000  1.82419575E-009
 4.17500000E+000  1.78314295E-009
 4.17500000E+000  1.78314295E-009
 4.18000000E+000  1.74301490E-009
 4.18000000E+000  1.74301490E-009
 4.18500000E+000  1.70379074E-009
 4.18500000E+000  1.70379074E-009
 4.19000000E+000  1.66545006E-009
 4.19000000E+000  1.66545006E-009
 4.19500000E+000  1.62797294E-009
 4.19500000E+000  1.62797294E-009
 4.20000000E+000  1.59133989E-009
 4.20000000E+000  1.59133989E-009
 4.20500000E+000  1.55553186E-009
 4.20500000E+000  1.55553186E-009
 4.21000000E+000  1.52053025E-009
 4.21000000E+000  1.52053025E-009
 4.21500000E+000  1.48631685E-009
 4.21500000E+000  1.48631685E-009
 4.22000000E+000  1.45287387E-009
 4.22000000E+000  1.45287387E-009
 4.22500000E+000  1.42018394E-009
 4.22500000E+000  1.42018394E-009
 4.23000000E+000  1.38823005E-009
 4.23000000E+000  1.38823005E-009
 4.23500000E+000  1.35699562E-009
 4.23500000E+000  1.35699562E-009
 4.24000000E+000  1.32646439E-009
 4.24000000E+000  1.32646439E-009
 4.24500000E+000  1.29662051E-009
 4.24500000E+000  1.29662051E-009
 4.25000000E+000  1.26744847E-009
 4.25000000E+000  1.26744847E-009
 4.25500000E+000  1.23893311E-009
 4.25500000E+000  1.23893311E-009
 4.26000000E+000  1.21105962E-009
 4.26000000E+000  1.21105962E-009
 4.26500000E+000  1.18381352E-009
 4.26500000E+000  1.18381352E-009
 4.27000000E+000  1.15718066E-009
 4.27000000E+000  1.15718066E-009
 4.27500000E+000  1.13114721E-009
 4.27500000E+000  1.13114721E-009
 4.28000000E+000  1.10569966E-009
 4.28000000E+000  1.10569966E-009
 4.28500000E+000  1.08082479E-009
 4.28500000E+000  1.08082479E-009
 4.29000000E+000  1.05650969E-009
 4.29000000E+000  1.05650969E-009
 4.29500000E+000  1.03274173E-009
 4.29500000E+000  1.03274173E-009
 4.30000000E+000  1.00950860E-009
 4.30000000E+000  1.00950860E-009
 4.30500000E+000  9.86798221E-010
 4.30500000E+000  9.86798221E-010
 4.31000000E+000  9.64598824E-010
 4.31000000E+000  9.64598824E-010
 4.31500000E+000  9.42898890E-010
 4.31500000E+000  9.42898890E-010
 4.32000000E+000  9.21687165E-010
 4.32000000E+000  9.21687165E-010
 4.32500000E+000  9.00952649E-010
 4.32500000E+000  9.00952649E-010
 4.33000000E+000  8.80684591E-010
 4.33000000E+000  8.80684591E-010
 4.33500000E+000  8.60872483E-010
 4.33500000E+000  8.60872483E-010
 4.34000000E+000  8.41506056E-010
 4.34000000E+000  8.41506056E-010
 4.34500000E+000  8.22575271E-010
 4.34500000E+000  8.22575271E-010
 4.35000000E+000  8.04070320E-010
 4.35000000E+000  8.04070320E-010
 4.35500000E+000  7.85981613E-010
 4.35500000E+000  7.85981613E-010
 4.36000000E+000  7.68299779E-010
 4.36000000E+000  7.68299779E-010
 4.36500000E+000  7.51015658E-010
 4.36500000E+000  7.51015658E-010
 4.37000000E+000  7.34120297E-010
 4.37000000E+000  7.34120297E-010
 4.37500000E+000  7.17604947E-010
 4.37500000E+000  7.17604947E-010
 4.38000000E+000  7.01461055E-010
 4.38000000E+000  7.01461055E-010
 4.38500000E+000  6.85680262E-010
 4.38500000E+000  6.85680262E-010
 4.39000000E+000  6.70254398E-010
 4.39000000E+000  6.70254398E-010
 4.39500000E+000  6.55175476E-010
 4.39500000E+000  6.55175476E-010
 4.40000000E+000  6.40435691E-010
 4.40000000E+000  6.40435691E-010
 4.40500000E+000  6.26027414E-010
 4.40500000E+000  6.26027414E-010
 4.41000000E+000  6.11943189E-010
 4.41000000E+000  6.11943189E-010
 4.41500000E+000  5.98175725E-010
 4.41500000E+000  5.98175725E-010
 4.42000000E+000  5.84717899E-010
 4.42000000E+000  5.84717899E-010
 4.42500000E+000  5.71562747E-010
 4.42500000E+000  5.71562747E-010
 4.43000000E+000  5.58703463E-010
 4.43000000E+000  5.58703463E-010
 4.43500000E+000  5.46133393E-010
 4.43500000E+000  5.46133393E-010
 4.44000000E+000  5.33846034E-010
 4.44000000E+000  5.33846034E-010
 4.44500000E+000  5.21835030E-010
 4.44500000E+000  5.21835030E-010
 4.45000000E+000  5.10094167E-010
 4.45000000E+000  5.10094167E-010
 4.45500000E+000  4.98617371E-010
 4.45500000E+000  4.98617371E-010
 4.46000000E+000  4.87398706E-010
 4.46000000E+000  4.87398706E-010
 4.46500000E+000  4.76432368E-010
 4.46500000E+000  4.76432368E-010
 4.47000000E+000  4.65712686E-010
 4.47000000E+000  4.65712686E-010
 4.47500000E+000  4.55234115E-010
 4.47500000E+000  4.55234115E-010
 4.48000000E+000  4.44991234E-010
 4.48000000E+000  4.44991234E-010
 4.48500000E+000  4.34978745E-010
 4.48500000E+000  4.34978745E-010
 4.49000000E+000  4.25191470E-010
 4.49000000E+000  4.25191470E-010
 4.49500000E+000  4.15624346E-010
 4.49500000E+000  4.15624346E-010
 4.50000000E+000  4.06272425E-010
 4.50000000E+000  4.06272425E-010
 4.50500000E+000  3.97130868E-010
 4.50500000E+000  3.97130868E-010
 4.51000000E+000  3.88194949E-010
 4.51000000E+000  3.88194949E-010
 4.51500000E+000  3.79460044E-010
 4.51500000E+000  3.79460044E-010
 4.52000000E+000  3.70921634E-010
 4.52000000E+000  3.70921634E-010
 4.52500000E+000  3.62575304E-010
 4.52500000E+000  3.62575304E-010
 4.53000000E+000  3.54416734E-010
 4.53000000E+000  3.54416734E-010
 4.53500000E+000  3.46441706E-010
 4.53500000E+000  3.46441706E-010
 4.54000000E+000  3.38646091E-010
 4.54000000E+000  3.38646091E-010
 4.54500000E+000  3.31025859E-010
 4.54500000E+000  3.31025859E-010
 4.55000000E+000  3.23577065E-010
 4.55000000E+000  3.23577065E-010
 4.55500000E+000  3.16295856E-010
 4.55500000E+000  3.16295856E-010
 4.56000000E+000  3.09178464E-010
 4.56000000E+000  3.09178464E-010
 4.56500000E+000  3.02221207E-010
 4.56500000E+000  3.02221207E-010
 4.57000000E+000  2.95420483E-010
 4.57000000E+000  2.95420483E-010
 4.57500000E+000  2.88772774E-010
 4.57500000E+000  2.88772774E-010
 4.58000000E+000  2.82274639E-010
 4.58000000E+000  2.82274639E-010
 4.58500000E+000  2.75922715E-010
 4.58500000E+000  2.75922715E-010
 4.59000000E+000  2.69713714E-010
 4.59000000E+000  2.69713714E-010
 4.59500000E+000  2.63644423E-010
 4.59500000E+000  2.63644423E-010
 4.60000000E+000  2.57711700E-010
 4.60000000E+000  2.57711700E-010
 4.60500000E+000  2.51912474E-010
 4.60500000E+000  2.51912474E-010
 4.61000000E+000  2.46243742E-010
 4.61000000E+000  2.46243742E-010
 4.61500000E+000  2.40702569E-010
 4.61500000E+000  2.40702569E-010
 4.62000000E+000  2.35286088E-010
 4.62000000E+000  2.35286088E-010
 4.62500000E+000  2.29991492E-010
 4.62500000E+000  2.29991492E-010
 4.63000000E+000  2.24816041E-010
 4.63000000E+000  2.24816041E-010
 4.63500000E+000  2.19757056E-010
 4.63500000E+000  2.19757056E-010
 4.64000000E+000  2.14811915E-010
 4.64000000E+000  2.14811915E-010
 4.64500000E+000  2.09978058E-010
 4.64500000E+000  2.09978058E-010
 4.65000000E+000  2.05252981E-010
 4.65000000E+000  2.05252981E-010
 4.65500000E+000  2.00634239E-010
 4.65500000E+000  2.00634239E-010
 4.66000000E+000  1.96119437E-010
 4.66000000E+000  1.96119437E-010
 4.66500000E+000  1.91706238E-010
 4.66500000E+000  1.91706238E-010
 4.67000000E+000  1.87392355E-010
 4.67000000E+000  1.87392355E-010
 4.67500000E+000  1.83175555E-010
 4.67500000E+000  1.83175555E-010
 4.68000000E+000  1.79053653E-010
 4.68000000E+000  1.79053653E-010
 4.68500000E+000  1.75024512E-010
 4.68500000E+000  1.75024512E-010
 4.69000000E+000  1.71086047E-010
 4.69000000E+000  1.71086047E-010
 4.69500000E+000  1.67236216E-010
 4.69500000E+000  1.67236216E-010
 4.70000000E+000  1.63473026E-010
 4.70000000E+000  1.63473026E-010
 4.70500000E+000  1.59794525E-010
 4.70500000E+000  1.59794525E-010
 4.71000000E+000  1.56198809E-010
 4.71000000E+000  1.56198809E-010
 4.71500000E+000  1.52684014E-010
 4.71500000E+000  1.52684014E-010
 4.72000000E+000  1.49248320E-010
 4.72000000E+000  1.49248320E-010
 4.72500000E+000  1.45889945E-010
 4.72500000E+000  1.45889945E-010
 4.73000000E+000  1.42607150E-010
 4.73000000E+000  1.42607150E-010
 4.73500000E+000  1.39398233E-010
 4.73500000E+000  1.39398233E-010
 4.74000000E+000  1.36261532E-010
 4.74000000E+000  1.36261532E-010
 4.74500000E+000  1.33195422E-010
 4.74500000E+000  1.33195422E-010
 4.75000000E+000  1.30198313E-010
 4.75000000E+000  1.30198313E-010
 4.75500000E+000  1.27268652E-010
 4.75500000E+000  1.27268652E-010
 4.76000000E+000  1.24404922E-010
 4.76000000E+000  1.24404922E-010
 4.76500000E+000  1.21605638E-010
 4.76500000E+000  1.21605638E-010
 4.77000000E+000  1.18869349E-010
 4.77000000E+000  1.18869349E-010
 4.77500000E+000  1.16194639E-010
 4.77500000E+000  1.16194639E-010
 4.78000000E+000  1.13580119E-010
 4.78000000E+000  1.13580119E-010
 4.78500000E+000  1.11024437E-010
 4.78500000E+000  1.11024437E-010
 4.79000000E+000  1.08526267E-010
 4.79000000E+000  1.08526267E-010
 4.79500000E+000  1.06084314E-010
 4.79500000E+000  1.06084314E-010
 4.80000000E+000  1.03697314E-010
 4.80000000E+000  1.03697314E-010
 4.80500000E+000  1.01364029E-010
 4.80500000E+000  1.01364029E-010
 4.81000000E+000  9.90832507E-011
 4.81000000E+000  9.90832507E-011
 4.81500000E+000  9.68537965E-011
 4.81500000E+000  9.68537965E-011
 4.82000000E+000  9.46745114E-011
 4.82000000E+000  9.46745114E-011
 4.82500000E+000  9.25442662E-011
 4.82500000E+000  9.25442662E-011
 4.83000000E+000  9.04619568E-011
 4.83000000E+000  9.04619568E-011
 4.83500000E+000  8.84265045E-011
 4.83500000E+000  8.84265045E-011
 4.84000000E+000  8.64368545E-011
 4.84000000E+000  8.64368545E-011
 4.84500000E+000  8.44919759E-011
 4.84500000E+000  8.44919759E-011
 4.85000000E+000  8.25908608E-011
 4.85000000E+000  8.25908608E-011
 4.85500000E+000  8.07325244E-011
 4.85500000E+000  8.07325244E-011
 4.86000000E+000  7.89160037E-011
 4.86000000E+000  7.89160037E-011
 4.86500000E+000  7.71403575E-011
 4.86500000E+000  7.71403575E-011
 4.87000000E+000  7.54046659E-011
 4.87000000E+000  7.54046659E-011
 4.87500000E+000  7.37080297E-011
 4.87500000E+000  7.37080297E-011
 4.88000000E+000  7.20495697E-011
 4.88000000E+000  7.20495697E-011
 4.88500000E+000  7.04284268E-011
 4.88500000E+000  7.04284268E-011
 4.89000000E+000  6.88437612E-011
 4.89000000E+000  6.88437612E-011
 4.89500000E+000  6.72947518E-011
 4.89500000E+000  6.72947518E-011
 4.90000000E+000  6.57805962E-011
 4.90000000E+000  6.57805962E-011
 4.90500000E+000  6.43005100E-011
 4.90500000E+000  6.43005100E-011
 4.91000000E+000  6.28537265E-011
 4.91000000E+000  6.28537265E-011
 4.91500000E+000  6.14394962E-011
 4.91500000E+000  6.14394962E-011
 4.92000000E+000  6.00570866E-011
 4.92000000E+000  6.00570866E-011
 4.92500000E+000  5.87057814E-011
 4.92500000E+000  5.87057814E-011
 4.93000000E+000  5.73848808E-011
 4.93000000E+000  5.73848808E-011
 4.93500000E+000  5.60937006E-011
 4.93500000E+000  5.60937006E-011
 4.94000000E+000  5.48315719E-011
 4.94000000E+000  5.48315719E-011
 4.94500000E+000  5.35978410E-011
 4.94500000E+000  5.35978410E-011
 4.95000000E+000  5.23918689E-011
 4.95000000E+000  5.23918689E-011
 4.95500000E+000  5.12130310E-011
 4.95500000E+000  5.12130310E-011
 4.96000000E+000  5.00607167E-011
 4.96000000E+000  5.00607167E-011
 4.96500000E+000  4.89343291E-011
 4.96500000E+000  4.89343291E-011
 4.97000000E+000  4.78332849E-011
 4.97000000E+000  4.78332849E-011
 4.97500000E+000  4.67570138E-011
 4.97500000E+000  4.67570138E-011
 4.98000000E+000  4.57049585E-011
 4.98000000E+000  4.57049585E-011
 4.98500000E+000  4.46765740E-011
 4.98500000E+000  4.46765740E-011
 4.99000000E+000  4.36713277E-011
 4.99000000E+000  4.36713277E-011
 4.99500000E+000  4.26886991E-011
 4.99500000E+000  4.26886991E-011
 5.00000000E+000  4.17281792E-011
