# 2 163
 0.00000000E+000  3.49065850E-001
 5.35909953E-003  3.48513580E-001
 1.04950630E-002  3.46997815E-001
 1.57781961E-002  3.44502855E-001
 2.11947559E-002  3.41028688E-001
 2.67384280E-002  3.36580221E-001
 3.24012170E-002  3.31169803E-001
 3.81739014E-002  3.24817184E-001
 4.40800598E-002  3.17505179E-001
 5.02318372E-002  3.09078048E-001
 5.66009400E-002  2.99544632E-001
 6.31658890E-002  2.88920508E-001
 6.99056547E-002  2.77233626E-001
 7.68002492E-002  2.64521322E-001
 8.38310394E-002  2.50827542E-001
 9.09810078E-002  2.36200134E-001
 9.82349180E-002  2.20688380E-001
 9.96595485E-002  2.17566529E-001
 1.01409525E-001  2.13698959E-001
 1.02525854E-001  2.11213165E-001
 1.10916533E-001  1.92120063E-001
 1.18339542E-001  1.74799430E-001
 1.25097927E-001  1.58853563E-001
 1.31464373E-001  1.43802380E-001
 1.37585398E-001  1.29397973E-001
 1.43538888E-001  1.15525546E-001
 1.49374003E-001  1.02122237E-001
 1.55125242E-001  8.91498349E-002
 1.60818491E-001  7.65837227E-002
 1.66474113E-001  6.44075506E-002
 1.72108685E-001  5.26103792E-002
 1.77736062E-001  4.11850264E-002
 1.83368046E-001  3.01270522E-002
 1.89014827E-001  1.94341057E-002
 1.94685276E-001  9.10548421E-003
 2.00387135E-001 -8.58180974E-004
 2.06127135E-001 -1.04551606E-002
 2.11911068E-001 -1.96828198E-002
 2.17743812E-001 -2.85377867E-002
 2.23629321E-001 -3.70161147E-002
 2.29570598E-001 -4.51134486E-002
 2.35569639E-001 -5.28252038E-002
 2.41627370E-001 -6.01467657E-002
 2.47743573E-001 -6.70737128E-002
 2.53916815E-001 -7.36020649E-002
 2.60144379E-001 -7.97285540E-002
 2.66422222E-001 -8.54509122E-002
 2.72813618E-001 -9.08235089E-002
 2.79344821E-001 -9.58571607E-002
 2.86017496E-001 -1.00540770E-001
 2.92833273E-001 -1.04864650E-001
 2.99793146E-001 -1.08820269E-001
 3.06897605E-001 -1.12400551E-001
 3.14146801E-001 -1.15600130E-001
 3.21540754E-001 -1.18415522E-001
 3.29079604E-001 -1.20845227E-001
 3.36763874E-001 -1.22889733E-001
 3.44594754E-001 -1.24551432E-001
 3.52574381E-001 -1.25834454E-001
 3.60706114E-001 -1.26744442E-001
 3.68994809E-001 -1.27288274E-001
 3.77447096E-001 -1.27473759E-001
 3.86071681E-001 -1.27309318E-001
 3.94879699E-001 -1.26803655E-001
 4.03885142E-001 -1.25965426E-001
 4.13105435E-001 -1.24802889E-001
 4.22562214E-001 -1.23323517E-001
 4.32282456E-001 -1.21533550E-001
 4.42300139E-001 -1.19437404E-001
 4.52658815E-001 -1.17036849E-001
 4.63415791E-001 -1.14329711E-001
 4.74649364E-001 -1.11307686E-001
 4.86472492E-001 -1.07952201E-001
 4.99061950E-001 -1.04225525E-001
 5.12733260E-001 -1.00047710E-001
 5.28207734E-001 -9.52135772E-002
 5.44925044E-001 -8.99326932E-002
 5.62839845E-001 -8.42775405E-002
 5.78218539E-001 -7.94750894E-002
 5.92574540E-001 -7.50672350E-002
 6.06534113E-001 -7.08726675E-002
 6.20312625E-001 -6.68375462E-002
 6.34024077E-001 -6.29384271E-002
 6.47744041E-001 -5.91629300E-002
 6.61528755E-001 -5.55040356E-002
 6.75423491E-001 -5.19576688E-002
 6.89466930E-001 -4.85214875E-002
 7.03693718E-001 -4.51942108E-002
 7.18136111E-001 -4.19752193E-002
 7.32825105E-001 -3.88643041E-002
 7.47791292E-001 -3.58615011E-002
 7.63065557E-001 -3.29669775E-002
 7.78679696E-001 -3.01809517E-002
 7.94667004E-001 -2.75036351E-002
 8.11062893E-001 -2.49351873E-002
 8.27905561E-001 -2.24756825E-002
 8.45236769E-001 -2.01250820E-002
 8.63102786E-001 -1.78832123E-002
 8.81555555E-001 -1.57497460E-002
 9.00654208E-001 -1.37241854E-002
 9.20467074E-001 -1.18058454E-002
 9.41074418E-001 -9.99383638E-003
 9.62572342E-001 -8.28704179E-003
 9.85078497E-001 -6.68408571E-003
 1.00874093E+000 -5.18328027E-003
 1.03375249E+000 -3.78253008E-003
 1.06037628E+000 -2.47914275E-003
 1.08899507E+000 -1.26941098E-003
 1.12022259E+000 -1.47549986E-004
 1.15494934E+000  8.90428218E-004
 1.19109657E+000  1.77143032E-003
 1.22892176E+000  2.51049136E-003
 1.26855316E+000  3.11824328E-003
 1.30885516E+000  3.59245708E-003
 1.34804380E+000  3.93976255E-003
 1.38709590E+000  4.19467690E-003
 1.42652848E+000  4.37672667E-003
 1.46665766E+000  4.49887007E-003
 1.50772178E+000  4.57070753E-003
 1.54992438E+000  4.59978240E-003
 1.59345411E+000  4.59224241E-003
 1.63849598E+000  4.55322260E-003
 1.68523877E+000  4.48708696E-003
 1.73388058E+000  4.39759072E-003
 1.78463379E+000  4.28799471E-003
 1.83772981E+000  4.16114886E-003
 1.89342432E+000  4.01955516E-003
 1.95200310E+000  3.86541613E-003
 2.01378916E+000  3.70067326E-003
 2.07915151E+000  3.52703789E-003
 2.14851621E+000  3.34601694E-003
 2.22238058E+000  3.15893500E-003
 2.30133188E+000  2.96695409E-003
 2.38607189E+000  2.77109240E-003
 2.47745012E+000  2.57224305E-003
 2.57650932E+000  2.37119396E-003
 2.68454908E+000  2.16865001E-003
 2.80321718E+000  1.96525832E-003
 2.93464507E+000  1.76163759E-003
 3.08165728E+000  1.55841115E-003
 3.24811496E+000  1.35623964E-003
 3.43953085E+000  1.15583489E-003
 3.63987327E+000  9.77667402E-004
 3.84608573E+000  8.22893869E-004
 4.05898502E+000  6.88753261E-004
 4.27914213E+000  5.72989083E-004
 4.50712266E+000  4.73574077E-004
 4.74351696E+000  3.88664353E-004
 4.98896338E+000  3.16574014E-004
 5.24416482E+000  2.55761131E-004
 5.50990319E+000  2.04818299E-004
 5.78705420E+000  1.62465078E-004
 6.07660393E+000  1.27541171E-004
 6.37966833E+000  9.89999044E-005
 6.69751686E+000  7.59018407E-005
 7.03160154E+000  5.74084596E-005
 7.38359287E+000  4.27758932E-005
 7.75542508E+000  3.13487119E-005
 8.14935338E+000  2.25537631E-005
 8.56802728E+000  1.58940697E-005
 9.01458587E+000  1.09427961E-005
 9.49278277E+000  7.33729029E-006
 1.00000000E+001  4.80183703E-006
