# 2 163
 0.00000000E+000  3.49065850E-001
 5.35909953E-003  3.48513580E-001
 1.04950630E-002  3.46997815E-001
 1.57781961E-002  3.44502855E-001
 2.11947559E-002  3.41028688E-001
 2.67384280E-002  3.36580221E-001
 3.24012170E-002  3.31169803E-001
 3.81739014E-002  3.24817184E-001
 4.40800598E-002  3.17505179E-001
 5.02318372E-002  3.09078048E-001
 5.66009400E-002  2.99544632E-001
 6.31658890E-002  2.88920508E-001
 6.99056547E-002  2.77233626E-001
 7.68002492E-002  2.64521322E-001
 8.38310394E-002  2.50827542E-001
 9.09810078E-002  2.36200134E-001
 9.82349180E-002  2.20688380E-001
 1.05579383E-001  2.04340904E-001
 1.06638180E-001  2.01933476E-001
 1.13678162E-001  1.85643000E-001
 1.20280341E-001  1.70040960E-001
 1.26518727E-001  1.55147892E-001
 1.32501837E-001  1.40833560E-001
 1.38305863E-001  1.27004490E-001
 1.43980685E-001  1.13607451E-001
 1.49561632E-001  1.00610075E-001
 1.55075280E-001  8.79916779E-002
 1.60542526E-001  7.57387004E-002
 1.65980363E-001  6.38422283E-002
 1.71402980E-001  5.22965583E-002
 1.76822460E-001  4.10983211E-002
 1.82249252E-001  3.02459227E-002
 1.87692489E-001  1.97391733E-002
 1.93160199E-001  9.57902847E-003
 1.98659448E-001 -2.32600029E-004
 2.04196428E-001 -9.69299427E-003
 2.09776509E-001 -1.87987582E-002
 2.15404245E-001 -2.75459380E-002
 2.21083371E-001 -3.59301447E-002
 2.26816764E-001 -4.39466867E-002
 2.32606396E-001 -5.15907189E-002
 2.38453270E-001 -5.88574134E-002
 2.44357353E-001 -6.57421539E-002
 2.50317503E-001 -7.22407556E-002
 2.56331410E-001 -7.83497081E-002
 2.62395545E-001 -8.40664355E-002
 2.68531060E-001 -8.94112404E-002
 2.74801516E-001 -9.44321832E-002
 2.81207775E-001 -9.91174717E-002
 2.87751765E-001 -1.03457548E-001
 2.94434808E-001 -1.07443832E-001
 3.01257754E-001 -1.11069030E-001
 3.08221117E-001 -1.14327377E-001
 3.15325254E-001 -1.17214820E-001
 3.22570579E-001 -1.19729134E-001
 3.29957808E-001 -1.21869952E-001
 3.37488208E-001 -1.23638715E-001
 3.45163866E-001 -1.25038552E-001
 3.52987948E-001 -1.26074083E-001
 3.60964963E-001 -1.26751183E-001
 3.69101031E-001 -1.27076706E-001
 3.77404177E-001 -1.27058187E-001
 3.85884660E-001 -1.26703540E-001
 3.94555377E-001 -1.26020733E-001
 4.03432391E-001 -1.25017459E-001
 4.12535637E-001 -1.23700771E-001
 4.21889934E-001 -1.22076649E-001
 4.31526457E-001 -1.20149470E-001
 4.41484997E-001 -1.17921246E-001
 4.51817576E-001 -1.15390492E-001
 4.62594606E-001 -1.12550324E-001
 4.73916269E-001 -1.09384972E-001
 4.85936023E-001 -1.05862548E-001
 4.98918026E-001 -1.01917211E-001
 5.13423183E-001 -9.73908826E-002
 5.29594607E-001 -9.22635583E-002
 5.46880521E-001 -8.67602325E-002
 5.62153689E-001 -8.19306635E-002
 5.76232416E-001 -7.75405445E-002
 5.89846119E-001 -7.33753856E-002
 6.03248425E-001 -6.93693698E-002
 6.16564326E-001 -6.54957313E-002
 6.29873607E-001 -6.17408569E-002
 6.43234291E-001 -5.80972136E-002
 6.56692310E-001 -5.45605271E-002
 6.70286402E-001 -5.11284117E-002
 6.84050896E-001 -4.77996293E-002
 6.98017468E-001 -4.45736545E-002
 7.12216319E-001 -4.14504059E-002
 7.26677058E-001 -3.84300707E-002
 7.41429386E-001 -3.55129856E-002
 7.56503701E-001 -3.26995541E-002
 7.71931655E-001 -2.99901851E-002
 7.87746721E-001 -2.73852476E-002
 8.03984797E-001 -2.48850350E-002
 8.20684901E-001 -2.24897371E-002
 8.37889988E-001 -2.01994161E-002
 8.55647957E-001 -1.80139864E-002
 8.74012937E-001 -1.59331962E-002
 8.93046956E-001 -1.39566099E-002
 9.12822205E-001 -1.20835881E-002
 9.33424179E-001 -1.03132658E-002
 9.54956198E-001 -8.64452107E-003
 9.77546206E-001 -7.07592825E-003
 1.00135752E+000 -5.60567910E-003
 1.02660694E+000 -4.23143660E-003
 1.05359803E+000 -2.95003697E-003
 1.08278968E+000 -1.75680289E-003
 1.11496487E+000 -6.43658199E-004
 1.14988902E+000  3.58785884E-004
 1.18634247E+000  1.21177906E-003
 1.22453930E+000  1.92850313E-003
 1.26461666E+000  2.51950791E-003
 1.30359813E+000  2.96452175E-003
 1.34199219E+000  3.30040656E-003
 1.38052376E+000  3.55382814E-003
 1.41958165E+000  3.74084846E-003
 1.45943140E+000  3.87275733E-003
 1.50028630E+000  3.95816004E-003
 1.54233618E+000  4.00392852E-003
 1.58576213E+000  4.01571676E-003
 1.63074545E+000  3.99827158E-003
 1.67747399E+000  3.95563423E-003
 1.72614738E+000  3.89127873E-003
 1.77698183E+000  3.80821089E-003
 1.83021513E+000  3.70904173E-003
 1.88611218E+000  3.59604351E-003
 1.94497149E+000  3.47119356E-003
 2.00713306E+000  3.33620943E-003
 2.07298817E+000  3.19257780E-003
 2.14299194E+000  3.04157882E-003
 2.21767942E+000  2.88430751E-003
 2.29768679E+000  2.72169299E-003
 2.38377966E+000  2.55451679E-003
 2.47689134E+000  2.38343118E-003
 2.57817566E+000  2.20897826E-003
 2.68908153E+000  2.03161123E-003
 2.81146041E+000  1.85171904E-003
 2.94772645E+000  1.66965638E-003
 3.10110373E+000  1.48578073E-003
 3.27602843E+000  1.30049707E-003
 3.47885655E+000  1.11430010E-003
 3.69217374E+000  9.47124278E-004
 3.91157016E+000  8.01294544E-004
 4.13792155E+000  6.74329587E-004
 4.37178993E+000  5.64238672E-004
 4.61373270E+000  4.69224135E-004
 4.86433297E+000  3.87643042E-004
 5.12422236E+000  3.17986632E-004
 5.39409616E+000  2.58869486E-004
 5.67472636E+000  2.09022227E-004
 5.96697501E+000  1.67285524E-004
 6.27180926E+000  1.32604545E-004
 6.59031905E+000  1.04023590E-004
 6.92373860E+000  8.06807845E-005
 7.27347249E+000  6.18028221E-005
 7.64112794E+000  4.66997352E-005
 8.02855483E+000  3.47597070E-005
 8.43789605E+000  2.54439208E-005
 8.87165128E+000  1.82814542E-005
 9.33275876E+000  1.28642231E-005
 9.82470157E+000  8.84197782E-006
 1.00000000E+001  7.73616610E-006
