# 2 171
 0.00000000E+000  0.00000000E+000
 5.35909953E-003  6.50377392E-002
 1.04950630E-002  1.24150285E-001
 1.57781961E-002  1.81887305E-001
 2.11947559E-002  2.38055738E-001
 2.67384280E-002  2.92567093E-001
 3.24012170E-002  3.45332563E-001
 3.81739014E-002  3.96269335E-001
 4.40800598E-002  4.45577970E-001
 5.02318372E-002  4.94094299E-001
 5.66009400E-002  5.41443547E-001
 6.31658890E-002  5.87356267E-001
 6.99056547E-002  6.31610048E-001
 7.68002492E-002  6.74029307E-001
 8.38310394E-002  7.14482184E-001
 9.09810078E-002  7.52876668E-001
 9.82349180E-002  7.89156013E-001
 1.05579383E-001  8.23293746E-001
 1.13002848E-001  8.55288578E-001
 1.20495502E-001  8.85159474E-001
 1.28049148E-001  9.12941077E-001
 1.29574669E-001  9.18278655E-001
 1.30612941E-001  9.21854646E-001
 1.37148281E-001  9.40560069E-001
 1.43531707E-001  9.52537695E-001
 1.49543325E-001  9.58639589E-001
 1.55314478E-001  9.60207334E-001
 1.60925887E-001  9.58082023E-001
 1.66427769E-001  9.52844439E-001
 1.71854955E-001  9.44927377E-001
 1.77233442E-001  9.34669208E-001
 1.82583654E-001  9.22343424E-001
 1.87922239E-001  9.08176657E-001
 1.93263152E-001  8.92360500E-001
 1.98618318E-001  8.75059718E-001
 2.03998060E-001  8.56418252E-001
 2.09411363E-001  8.36563806E-001
 2.14866029E-001  8.15611508E-001
 2.20368749E-001  7.93666949E-001
 2.25925108E-001  7.70828795E-001
 2.31539537E-001  7.47191112E-001
 2.37215212E-001  7.22845469E-001
 2.42953914E-001  6.97882865E-001
 2.48755858E-001  6.72395466E-001
 2.54619497E-001  6.46478122E-001
 2.60541330E-001  6.20229576E-001
 2.66515723E-001  5.93753267E-001
 2.72534789E-001  5.67157617E-001
 2.78588332E-001  5.40555677E-001
 2.84726468E-001  5.13792590E-001
 2.90989836E-001  4.86759107E-001
 2.97373835E-001  4.59545115E-001
 3.03873740E-001  4.32240126E-001
 3.10483925E-001  4.04935908E-001
 3.17198290E-001  3.77723913E-001
 3.24010704E-001  3.50692790E-001
 3.30915449E-001  3.23926134E-001
 3.37907618E-001  2.97500711E-001
 3.44983438E-001  2.71485263E-001
 3.52140503E-001  2.45939929E-001
 3.59377923E-001  2.20916190E-001
 3.66696411E-001  1.96457231E-001
 3.74098324E-001  1.72598575E-001
 3.81587686E-001  1.49368860E-001
 3.89170222E-001  1.26790669E-001
 3.96853409E-001  1.04881328E-001
 4.04646585E-001  8.36536404E-002
 4.12561113E-001  6.31165225E-002
 4.20610648E-001  4.32755337E-002
 4.28811526E-001  2.41332843E-002
 4.37183330E-001  5.68971432E-003
 4.45749727E-001 -1.20577818E-002
 4.54539699E-001 -2.91144321E-002
 4.63589439E-001 -4.54884644E-002
 4.72945357E-001 -6.11919851E-002
 4.82669151E-001 -7.62428020E-002
 4.92847026E-001 -9.06682274E-002
 5.03608357E-001 -1.04513633E-001
 5.15169855E-001 -1.17864606E-001
 5.27970894E-001 -1.30920726E-001
 5.42735017E-001 -1.43892783E-001
 5.58517871E-001 -1.55502100E-001
 5.72489252E-001 -1.64014440E-001
 5.85249818E-001 -1.70477148E-001
 5.97550112E-001 -1.75627780E-001
 6.09643815E-001 -1.79750694E-001
 6.21652349E-001 -1.83003599E-001
 6.33652037E-001 -1.85493101E-001
 6.45697675E-001 -1.87298184E-001
 6.57832042E-001 -1.88480727E-001
 6.70090612E-001 -1.89091151E-001
 6.82504173E-001 -1.89171782E-001
 6.95100422E-001 -1.88759018E-001
 7.07904987E-001 -1.87884814E-001
 7.20942130E-001 -1.86577738E-001
 7.34235261E-001 -1.84863754E-001
 7.47807336E-001 -1.82766823E-001
 7.61681194E-001 -1.80309351E-001
 7.75879870E-001 -1.77512553E-001
 7.90426921E-001 -1.74396712E-001
 8.05346779E-001 -1.70981379E-001
 8.20665166E-001 -1.67285493E-001
 8.36409615E-001 -1.63327448E-001
 8.52610104E-001 -1.59125093E-001
 8.69299882E-001 -1.54695665E-001
 8.86516524E-001 -1.50055668E-001
 9.04303326E-001 -1.45220669E-001
 9.22711168E-001 -1.40205020E-001
 9.41801077E-001 -1.35021469E-001
 9.61647867E-001 -1.29680612E-001
 9.82345525E-001 -1.24190103E-001
 1.00401562E+000 -1.18553419E-001
 1.02682125E+000 -1.12767796E-001
 1.05099233E+000 -1.06820427E-001
 1.07687660E+000 -1.00680552E-001
 1.10506116E+000 -9.42800071E-002
 1.13476197E+000 -8.78675646E-002
 1.16561155E+000 -8.15732501E-002
 1.19776598E+000 -7.54083747E-002
 1.23137674E+000 -6.93881261E-002
 1.26475328E+000 -6.38255190E-002
 1.29706518E+000 -5.88193622E-002
 1.32902894E+000 -5.42171277E-002
 1.36103606E+000 -4.99396795E-002
 1.39332703E+000 -4.59413689E-002
 1.42607916E+000 -4.21918949E-002
 1.45943933E+000 -3.86694082E-002
 1.49353958E+000 -3.53572559E-002
 1.52850590E+000 -3.22422189E-002
 1.56446397E+000 -2.93134673E-002
 1.60154361E+000 -2.65618961E-002
 1.63988243E+000 -2.39796803E-002
 1.67962959E+000 -2.15599612E-002
 1.72094974E+000 -1.92966171E-002
 1.76402766E+000 -1.71840875E-002
 1.80907408E+000 -1.52172334E-002
 1.85633314E+000 -1.33912209E-002
 1.90609270E+000 -1.17014193E-002
 1.95869879E+000 -1.01433060E-002
 2.01457710E+000 -8.71236982E-003
 2.07426656E+000 -7.40400024E-003
 2.13847518E+000 -6.21334000E-003
 2.20818120E+000 -5.13504639E-003
 2.28483903E+000 -4.16281180E-003
 2.36655800E+000 -3.32732794E-003
 2.45096897E+000 -2.63935553E-003
 2.53855895E+000 -2.07502610E-003
 2.62970240E+000 -1.61523090E-003
 2.72480994E+000 -1.24350757E-003
 2.82433272E+000 -9.45655107E-004
 2.92877458E+000 -7.09400225E-004
 3.03870549E+000 -5.24140563E-004
 3.15477769E+000 -3.80738351E-004
 3.27774557E+000 -2.71349741E-004
 3.40849102E+000 -1.89279885E-004
 3.54805607E+000 -1.28856939E-004
 3.69768594E+000 -8.53201651E-005
 3.85888656E+000 -5.47186694E-005
 4.03350311E+000 -3.38183036E-005
 4.22382905E+000 -2.00149702E-005
 4.43276119E+000 -1.12531555E-005
 4.66402552E+000 -5.94895616E-006
 4.92251550E+000 -2.91724425E-006
 5.21481578E+000 -1.30293880E-006
 5.55004452E+000 -5.16642999E-007
 5.94127254E+000 -1.75183215E-007
 6.40805600E+000 -4.78492167E-008
 6.98131672E+000 -9.37563041E-009
 7.71389686E+000 -8.70572958E-010
 8.70903682E+000  1.31420680E-010
 1.00000000E+001 -1.12923377E-010
